fare_id,rider_category_id,price
1,5,3.55
2,5,2.00
3,5,4.75
4,5,2.00
5,5,4.10
6,5,3.30
7,5,3.15
8,5,3.05
9,5,2.95
10,5,2.90
11,5,2.85
12,5,2.75
13,5,2.70
14,5,2.70
15,5,2.70
16,5,2.90
17,5,3.00
18,5,3.15
19,5,3.30
20,5,3.50
21,5,3.70
22,5,4.00
23,5,4.20
24,5,3.50
25,5,4.20
26,5,4.45
27,5,4.10
28,5,2.00
29,5,4.00
30,5,3.75
31,5,3.65
32,5,3.40
33,5,3.20
34,5,2.85
35,5,2.65
36,5,2.40
37,5,2.40
38,5,2.40
39,5,2.40
40,5,2.30
41,5,2.25
42,5,2.10
43,5,2.00
44,5,2.00
45,5,6.75
46,5,4.45
47,5,4.90
48,5,5.05
49,5,4.55
50,5,4.95
51,5,2.00
52,5,3.55
53,5,4.75
54,5,2.00
55,5,4.25
56,5,3.45
57,5,3.30
58,5,3.20
59,5,3.10
60,5,3.05
61,5,3.00
62,5,2.90
63,5,2.85
64,5,2.85
65,5,2.85
66,5,3.05
67,5,3.15
68,5,3.35
69,5,3.50
70,5,3.65
71,5,3.85
72,5,4.15
73,5,4.35
74,5,3.65
75,5,4.35
76,5,4.60
77,5,4.30
78,5,2.00
79,5,4.15
80,5,3.90
81,5,3.80
82,5,3.60
83,5,3.35
84,5,3.00
85,5,2.80
86,5,2.65
87,5,2.65
88,5,2.65
89,5,2.65
90,5,2.55
91,5,2.50
92,5,2.35
93,5,2.25
94,5,2.00
95,5,6.90
96,5,4.60
97,5,5.05
98,5,5.20
99,5,4.70
100,5,5.10
101,5,4.75
102,5,4.75
103,5,3.55
104,5,2.75
105,5,7.10
106,5,6.30
107,5,6.20
108,5,6.10
109,5,5.95
110,5,5.95
111,5,5.85
112,5,5.80
113,5,5.75
114,5,5.75
115,5,5.75
116,5,5.90
117,5,6.05
118,5,6.20
119,5,6.35
120,5,6.55
121,5,6.70
122,5,7.00
123,5,7.25
124,5,6.55
125,5,7.20
126,5,7.45
127,5,7.15
128,5,4.95
129,5,7.05
130,5,6.75
131,5,6.70
132,5,6.45
133,5,6.20
134,5,5.90
135,5,5.70
136,5,5.55
137,5,5.55
138,5,5.55
139,5,5.55
140,5,5.50
141,5,5.45
142,5,5.30
143,5,5.20
144,5,5.05
145,5,9.75
146,5,7.50
147,5,7.95
148,5,8.10
149,5,7.55
150,5,7.95
151,5,2.00
152,5,2.00
153,5,2.75
154,5,3.55
155,5,4.45
156,5,3.65
157,5,3.50
158,5,3.40
159,5,3.30
160,5,3.25
161,5,3.20
162,5,3.15
163,5,3.05
164,5,3.05
165,5,3.05
166,5,3.25
167,5,3.35
168,5,3.55
169,5,3.70
170,5,3.85
171,5,4.05
172,5,4.35
173,5,4.55
174,5,3.85
175,5,4.55
176,5,4.80
177,5,4.50
178,5,2.30
179,5,4.35
180,5,4.10
181,5,4.00
182,5,3.80
183,5,3.55
184,5,3.20
185,5,3.00
186,5,2.90
187,5,2.90
188,5,2.90
189,5,2.90
190,5,2.85
191,5,2.80
192,5,2.65
193,5,2.55
194,5,2.45
195,5,7.10
196,5,4.80
197,5,5.25
198,5,5.40
199,5,4.90
200,5,5.30
201,5,4.10
202,5,4.25
203,5,7.10
204,5,4.45
205,5,3.55
206,5,3.20
207,5,3.05
208,5,2.95
209,5,2.85
210,5,2.80
211,5,2.75
212,5,2.65
213,5,2.60
214,5,2.60
215,5,2.60
216,5,2.45
217,5,2.35
218,5,2.15
219,5,1.20
220,5,2.20
221,5,2.35
222,5,2.65
223,5,2.90
224,5,1.20
225,5,1.20
226,5,4.25
227,5,3.90
228,5,3.95
229,5,3.80
230,5,3.55
231,5,3.45
232,5,3.25
233,5,3.00
234,5,2.65
235,5,2.70
236,5,3.70
237,5,3.70
238,5,3.70
239,5,3.70
240,5,3.75
241,5,3.75
242,5,3.85
243,5,3.90
244,5,4.00
245,5,6.05
246,5,3.15
247,5,3.60
248,5,3.75
249,5,4.35
250,5,4.75
251,5,3.30
252,5,3.45
253,5,6.30
254,5,3.65
255,5,3.20
256,5,3.55
257,5,1.20
258,5,1.20
259,5,1.20
260,5,1.20
261,5,1.20
262,5,1.65
263,5,1.75
264,5,1.75
265,5,1.75
266,5,1.95
267,5,2.10
268,5,2.30
269,5,2.45
270,5,2.60
271,5,2.80
272,5,3.10
273,5,3.30
274,5,2.60
275,5,3.30
276,5,3.30
277,5,3.00
278,5,3.15
279,5,2.90
280,5,2.65
281,5,2.55
282,5,2.30
283,5,2.05
284,5,1.65
285,5,1.85
286,5,2.90
287,5,2.90
288,5,2.90
289,5,2.90
290,5,2.95
291,5,2.95
292,5,3.05
293,5,3.10
294,5,3.20
295,5,5.85
296,5,3.55
297,5,4.00
298,5,4.15
299,5,3.40
300,5,3.80
301,5,3.15
302,5,3.30
303,5,6.20
304,5,3.50
305,5,3.05
306,5,1.20
307,5,3.55
308,5,1.20
309,5,1.20
310,5,1.20
311,5,1.20
312,5,1.45
313,5,1.55
314,5,1.55
315,5,1.55
316,5,1.85
317,5,1.95
318,5,2.15
319,5,2.30
320,5,2.50
321,5,2.65
322,5,2.95
323,5,3.20
324,5,2.45
325,5,3.15
326,5,3.20
327,5,2.90
328,5,3.05
329,5,2.75
330,5,2.50
331,5,2.40
332,5,2.20
333,5,1.95
334,5,1.45
335,5,1.65
336,5,2.75
337,5,2.75
338,5,2.75
339,5,2.75
340,5,2.80
341,5,2.85
342,5,2.90
343,5,2.95
344,5,3.05
345,5,5.70
346,5,3.45
347,5,3.90
348,5,4.05
349,5,3.30
350,5,3.70
351,5,3.05
352,5,3.20
353,5,6.10
354,5,3.40
355,5,2.95
356,5,1.20
357,5,1.20
358,5,3.55
359,5,1.20
360,5,1.20
361,5,1.20
362,5,1.25
363,5,1.40
364,5,1.40
365,5,1.40
366,5,1.70
367,5,1.85
368,5,2.05
369,5,2.20
370,5,2.40
371,5,2.55
372,5,2.85
373,5,3.05
374,5,2.35
375,5,3.05
376,5,3.10
377,5,2.80
378,5,2.95
379,5,2.65
380,5,2.40
381,5,2.30
382,5,2.10
383,5,1.80
384,5,1.30
385,5,1.50
386,5,2.65
387,5,2.65
388,5,2.65
389,5,2.65
390,5,2.70
391,5,2.75
392,5,2.85
393,5,2.85
394,5,2.95
395,5,5.60
396,5,3.35
397,5,3.80
398,5,3.95
399,5,3.20
400,5,3.60
401,5,2.95
402,5,3.10
403,5,5.95
404,5,3.30
405,5,2.85
406,5,1.20
407,5,1.20
408,5,1.20
409,5,3.55
410,5,1.20
411,5,1.20
412,5,1.20
413,5,1.20
414,5,1.20
415,5,1.20
416,5,1.50
417,5,1.70
418,5,1.95
419,5,2.10
420,5,2.25
421,5,2.45
422,5,2.75
423,5,2.95
424,5,2.25
425,5,2.95
426,5,3.00
427,5,2.65
428,5,2.80
429,5,2.55
430,5,2.30
431,5,2.20
432,5,1.95
433,5,1.60
434,5,1.20
435,5,1.30
436,5,2.55
437,5,2.55
438,5,2.55
439,5,2.55
440,5,2.60
441,5,2.60
442,5,2.70
443,5,2.75
444,5,2.85
445,5,5.40
446,5,3.20
447,5,3.65
448,5,3.80
449,5,3.10
450,5,3.45
451,5,2.90
452,5,3.05
453,5,5.95
454,5,3.25
455,5,2.80
456,5,1.20
457,5,1.20
458,5,1.20
459,5,1.20
460,5,3.55
461,5,1.20
462,5,1.20
463,5,1.20
464,5,1.20
465,5,1.20
466,5,1.40
467,5,1.60
468,5,1.90
469,5,2.05
470,5,2.20
471,5,2.40
472,5,2.70
473,5,2.90
474,5,2.25
475,5,2.90
476,5,2.95
477,5,2.65
478,5,2.80
479,5,2.50
480,5,2.25
481,5,2.15
482,5,1.90
483,5,1.55
484,5,1.20
485,5,1.25
486,5,2.50
487,5,2.50
488,5,2.50
489,5,2.50
490,5,2.55
491,5,2.60
492,5,2.65
493,5,2.70
494,5,2.80
495,5,5.35
496,5,3.20
497,5,3.65
498,5,3.80
499,5,3.05
500,5,3.45
501,5,2.85
502,5,3.00
503,5,5.85
504,5,3.20
505,5,2.75
506,5,1.20
507,5,1.20
508,5,1.20
509,5,1.20
510,5,1.20
511,5,3.55
512,5,1.20
513,5,1.20
514,5,1.20
515,5,1.20
516,5,1.30
517,5,1.50
518,5,1.80
519,5,2.00
520,5,2.15
521,5,2.35
522,5,2.65
523,5,2.85
524,5,2.15
525,5,2.85
526,5,2.90
527,5,2.60
528,5,2.70
529,5,2.50
530,5,2.25
531,5,2.10
532,5,1.80
533,5,1.45
534,5,1.20
535,5,1.20
536,5,2.40
537,5,2.40
538,5,2.40
539,5,2.40
540,5,2.50
541,5,2.50
542,5,2.60
543,5,2.65
544,5,2.75
545,5,5.25
546,5,3.15
547,5,3.60
548,5,3.75
549,5,3.00
550,5,3.40
551,5,2.75
552,5,2.90
553,5,5.80
554,5,3.15
555,5,2.65
556,5,1.65
557,5,1.45
558,5,1.25
559,5,1.20
560,5,1.20
561,5,1.20
562,5,3.55
563,5,1.20
564,5,1.20
565,5,1.20
566,5,1.20
567,5,1.35
568,5,1.65
569,5,1.90
570,5,2.10
571,5,2.25
572,5,2.60
573,5,2.80
574,5,2.10
575,5,2.80
576,5,2.90
577,5,2.60
578,5,2.65
579,5,2.50
580,5,2.25
581,5,2.10
582,5,1.75
583,5,1.20
584,5,1.20
585,5,1.20
586,5,2.25
587,5,2.25
588,5,2.25
589,5,2.25
590,5,2.35
591,5,2.40
592,5,2.55
593,5,2.60
594,5,2.65
595,5,5.10
596,5,3.05
597,5,3.50
598,5,3.65
599,5,3.00
600,5,3.40
601,5,2.70
602,5,2.85
603,5,5.75
604,5,3.05
605,5,2.60
606,5,1.75
607,5,1.55
608,5,1.40
609,5,1.20
610,5,1.20
611,5,1.20
612,5,1.20
613,5,3.55
614,5,1.20
615,5,1.20
616,5,1.20
617,5,1.20
618,5,1.55
619,5,1.75
620,5,2.05
621,5,2.20
622,5,2.50
623,5,2.75
624,5,2.05
625,5,2.70
626,5,2.95
627,5,2.60
628,5,2.60
629,5,2.50
630,5,2.25
631,5,2.15
632,5,1.85
633,5,1.50
634,5,1.20
635,5,1.20
636,5,2.10
637,5,2.10
638,5,2.10
639,5,2.10
640,5,2.25
641,5,2.30
642,5,2.45
643,5,2.55
644,5,2.60
645,5,4.95
646,5,3.00
647,5,3.45
648,5,3.60
649,5,3.05
650,5,3.45
651,5,2.70
652,5,2.85
653,5,5.75
654,5,3.05
655,5,2.60
656,5,1.75
657,5,1.55
658,5,1.40
659,5,1.20
660,5,1.20
661,5,1.20
662,5,1.20
663,5,1.20
664,5,3.55
665,5,1.20
666,5,1.20
667,5,1.20
668,5,1.55
669,5,1.75
670,5,2.05
671,5,2.20
672,5,2.50
673,5,2.75
674,5,2.05
675,5,2.70
676,5,2.95
677,5,2.60
678,5,2.60
679,5,2.50
680,5,2.25
681,5,2.15
682,5,1.85
683,5,1.50
684,5,1.20
685,5,1.20
686,5,2.10
687,5,2.10
688,5,2.10
689,5,2.10
690,5,2.25
691,5,2.30
692,5,2.45
693,5,2.55
694,5,2.60
695,5,4.95
696,5,3.00
697,5,3.45
698,5,3.60
699,5,3.05
700,5,3.45
701,5,2.70
702,5,2.85
703,5,5.75
704,5,3.05
705,5,2.60
706,5,1.75
707,5,1.55
708,5,1.40
709,5,1.20
710,5,1.20
711,5,1.20
712,5,1.20
713,5,1.20
714,5,1.20
715,5,3.55
716,5,1.20
717,5,1.20
718,5,1.55
719,5,1.75
720,5,2.05
721,5,2.20
722,5,2.50
723,5,2.75
724,5,2.05
725,5,2.70
726,5,2.95
727,5,2.60
728,5,2.60
729,5,2.50
730,5,2.25
731,5,2.15
732,5,1.85
733,5,1.50
734,5,1.20
735,5,1.20
736,5,2.10
737,5,2.10
738,5,2.10
739,5,2.10
740,5,2.25
741,5,2.30
742,5,2.45
743,5,2.55
744,5,2.60
745,5,4.95
746,5,3.00
747,5,3.45
748,5,3.60
749,5,3.05
750,5,3.45
751,5,2.90
752,5,3.05
753,5,5.90
754,5,3.25
755,5,2.45
756,5,1.95
757,5,1.85
758,5,1.70
759,5,1.50
760,5,1.40
761,5,1.30
762,5,1.20
763,5,1.20
764,5,1.20
765,5,1.20
766,5,3.55
767,5,1.20
768,5,1.20
769,5,1.50
770,5,1.75
771,5,2.05
772,5,2.35
773,5,2.55
774,5,1.75
775,5,2.55
776,5,3.05
777,5,2.70
778,5,2.75
779,5,2.60
780,5,2.35
781,5,2.25
782,5,2.00
783,5,1.70
784,5,1.20
785,5,1.20
786,5,2.40
787,5,2.40
788,5,2.40
789,5,2.40
790,5,2.50
791,5,2.55
792,5,2.65
793,5,2.70
794,5,2.80
795,5,4.95
796,5,2.85
797,5,3.30
798,5,3.45
799,5,3.15
800,5,3.55
801,5,3.00
802,5,3.15
803,5,6.05
804,5,3.35
805,5,2.35
806,5,2.10
807,5,1.95
808,5,1.85
809,5,1.70
810,5,1.60
811,5,1.50
812,5,1.35
813,5,1.20
814,5,1.20
815,5,1.20
816,5,1.20
817,5,3.55
818,5,1.20
819,5,1.20
820,5,1.55
821,5,1.85
822,5,2.25
823,5,2.45
824,5,1.55
825,5,2.45
826,5,3.15
827,5,2.85
828,5,2.90
829,5,2.70
830,5,2.45
831,5,2.35
832,5,2.15
833,5,1.90
834,5,1.40
835,5,1.35
836,5,2.60
837,5,2.60
838,5,2.60
839,5,2.60
840,5,2.65
841,5,2.70
842,5,2.75
843,5,2.80
844,5,2.90
845,5,3.70
846,5,2.70
847,5,3.15
848,5,3.30
849,5,3.25
850,5,3.65
851,5,3.15
852,5,3.35
853,5,6.20
854,5,3.55
855,5,2.15
856,5,2.30
857,5,2.15
858,5,2.05
859,5,1.95
860,5,1.90
861,5,1.80
862,5,1.65
863,5,1.55
864,5,1.55
865,5,1.55
866,5,1.20
867,5,1.20
868,5,3.55
869,5,1.20
870,5,1.20
871,5,1.55
872,5,2.00
873,5,2.25
874,5,1.20
875,5,2.25
876,5,3.35
877,5,3.00
878,5,3.05
879,5,2.90
880,5,2.65
881,5,2.55
882,5,2.35
883,5,2.10
884,5,1.70
885,5,1.65
886,5,2.80
887,5,2.80
888,5,2.80
889,5,2.80
890,5,2.85
891,5,2.85
892,5,2.95
893,5,3.00
894,5,3.05
895,5,4.95
896,5,2.55
897,5,3.00
898,5,3.15
899,5,3.45
900,5,3.85
901,5,3.30
902,5,3.50
903,5,6.35
904,5,3.70
905,5,1.20
906,5,2.45
907,5,2.30
908,5,2.20
909,5,2.10
910,5,2.05
911,5,2.00
912,5,1.90
913,5,1.75
914,5,1.75
915,5,1.75
916,5,1.50
917,5,1.20
918,5,1.20
919,5,3.55
920,5,1.20
921,5,1.20
922,5,1.20
923,5,1.20
924,5,1.20
925,5,1.20
926,5,3.50
927,5,3.15
928,5,3.20
929,5,3.05
930,5,2.80
931,5,2.70
932,5,2.45
933,5,2.25
934,5,1.90
935,5,1.85
936,5,2.95
937,5,2.95
938,5,2.95
939,5,2.95
940,5,3.00
941,5,3.00
942,5,3.10
943,5,3.15
944,5,3.20
945,5,4.95
946,5,2.40
947,5,2.85
948,5,3.00
949,5,3.60
950,5,3.95
951,5,3.50
952,5,3.65
953,5,6.55
954,5,3.85
955,5,2.20
956,5,2.60
957,5,2.50
958,5,2.40
959,5,2.25
960,5,2.20
961,5,2.15
962,5,2.10
963,5,2.05
964,5,2.05
965,5,2.05
966,5,1.75
967,5,1.55
968,5,1.20
969,5,1.20
970,5,3.55
971,5,1.20
972,5,1.20
973,5,1.20
974,5,1.20
975,5,2.30
976,5,3.65
977,5,3.35
978,5,3.40
979,5,3.20
980,5,2.95
981,5,2.85
982,5,2.65
983,5,2.40
984,5,2.10
985,5,2.10
986,5,3.10
987,5,3.10
988,5,3.10
989,5,3.10
990,5,3.15
991,5,3.20
992,5,3.25
993,5,3.30
994,5,3.40
995,5,5.30
996,5,2.20
997,5,2.65
998,5,2.80
999,5,3.75
1000,5,4.15
1001,5,3.70
1002,5,3.85
1003,5,6.70
1004,5,4.05
1005,5,2.35
1006,5,2.80
1007,5,2.65
1008,5,2.55
1009,5,2.45
1010,5,2.40
1011,5,2.35
1012,5,2.25
1013,5,2.20
1014,5,2.20
1015,5,2.20
1016,5,2.05
1017,5,1.85
1018,5,1.55
1019,5,1.20
1020,5,1.20
1021,5,3.55
1022,5,1.20
1023,5,1.20
1024,5,1.60
1025,5,2.45
1026,5,3.85
1027,5,3.50
1028,5,3.55
1029,5,3.40
1030,5,3.15
1031,5,3.05
1032,5,2.85
1033,5,2.60
1034,5,2.25
1035,5,2.30
1036,5,3.30
1037,5,3.30
1038,5,3.30
1039,5,3.30
1040,5,3.35
1041,5,3.35
1042,5,3.45
1043,5,3.50
1044,5,3.60
1045,5,5.60
1046,5,1.20
1047,5,2.50
1048,5,2.65
1049,5,3.95
1050,5,4.35
1051,5,4.00
1052,5,4.15
1053,5,7.00
1054,5,4.35
1055,5,2.65
1056,5,3.10
1057,5,2.95
1058,5,2.85
1059,5,2.75
1060,5,2.70
1061,5,2.65
1062,5,2.60
1063,5,2.50
1064,5,2.50
1065,5,2.50
1066,5,2.35
1067,5,2.25
1068,5,2.00
1069,5,1.20
1070,5,1.20
1071,5,1.20
1072,5,3.55
1073,5,1.20
1074,5,2.05
1075,5,2.75
1076,5,4.15
1077,5,3.80
1078,5,3.85
1079,5,3.70
1080,5,3.45
1081,5,3.35
1082,5,3.15
1083,5,2.90
1084,5,2.60
1085,5,2.60
1086,5,3.60
1087,5,3.60
1088,5,3.60
1089,5,3.60
1090,5,3.65
1091,5,3.65
1092,5,3.75
1093,5,3.80
1094,5,3.90
1095,5,6.00
1096,5,1.20
1097,5,2.20
1098,5,2.35
1099,5,4.25
1100,5,4.65
1101,5,4.20
1102,5,4.35
1103,5,7.25
1104,5,4.55
1105,5,2.90
1106,5,3.30
1107,5,3.20
1108,5,3.05
1109,5,2.95
1110,5,2.90
1111,5,2.85
1112,5,2.80
1113,5,2.75
1114,5,2.75
1115,5,2.75
1116,5,2.55
1117,5,2.45
1118,5,2.25
1119,5,1.20
1120,5,1.20
1121,5,1.20
1122,5,1.20
1123,5,3.55
1124,5,2.30
1125,5,3.00
1126,5,4.35
1127,5,4.05
1128,5,4.10
1129,5,3.90
1130,5,3.65
1131,5,3.55
1132,5,3.35
1133,5,3.10
1134,5,2.80
1135,5,2.80
1136,5,3.80
1137,5,3.80
1138,5,3.80
1139,5,3.80
1140,5,3.85
1141,5,3.90
1142,5,3.95
1143,5,4.00
1144,5,4.10
1145,5,6.20
1146,5,1.20
1147,5,1.90
1148,5,2.10
1149,5,4.45
1150,5,4.85
1151,5,3.50
1152,5,3.65
1153,5,6.55
1154,5,3.85
1155,5,1.20
1156,5,2.60
1157,5,2.45
1158,5,2.35
1159,5,2.25
1160,5,2.25
1161,5,2.15
1162,5,2.10
1163,5,2.05
1164,5,2.05
1165,5,2.05
1166,5,1.75
1167,5,1.55
1168,5,1.20
1169,5,1.20
1170,5,1.20
1171,5,1.60
1172,5,2.05
1173,5,2.30
1174,5,3.55
1175,5,1.20
1176,5,3.65
1177,5,3.35
1178,5,3.40
1179,5,3.20
1180,5,2.95
1181,5,2.85
1182,5,2.65
1183,5,2.40
1184,5,2.10
1185,5,2.10
1186,5,3.10
1187,5,3.10
1188,5,3.10
1189,5,3.10
1190,5,3.15
1191,5,3.20
1192,5,3.30
1193,5,3.30
1194,5,3.40
1195,5,5.30
1196,5,2.55
1197,5,3.00
1198,5,3.15
1199,5,3.75
1200,5,4.15
1201,5,4.20
1202,5,4.35
1203,5,7.20
1204,5,4.55
1205,5,1.20
1206,5,3.30
1207,5,3.15
1208,5,3.05
1209,5,2.95
1210,5,2.90
1211,5,2.85
1212,5,2.80
1213,5,2.70
1214,5,2.70
1215,5,2.70
1216,5,2.55
1217,5,2.45
1218,5,2.25
1219,5,1.20
1220,5,2.30
1221,5,2.45
1222,5,2.75
1223,5,3.00
1224,5,1.20
1225,5,3.55
1226,5,4.35
1227,5,4.00
1228,5,4.05
1229,5,3.90
1230,5,3.65
1231,5,3.55
1232,5,3.35
1233,5,3.10
1234,5,2.80
1235,5,2.80
1236,5,3.80
1237,5,3.80
1238,5,3.80
1239,5,3.80
1240,5,3.85
1241,5,3.85
1242,5,3.95
1243,5,4.00
1244,5,4.10
1245,5,6.15
1246,5,3.25
1247,5,3.70
1248,5,3.85
1249,5,4.45
1250,5,4.85
1251,5,4.45
1252,5,4.60
1253,5,7.45
1254,5,4.80
1255,5,4.25
1256,5,3.30
1257,5,3.20
1258,5,3.10
1259,5,3.00
1260,5,2.95
1261,5,2.90
1262,5,2.90
1263,5,2.95
1264,5,2.95
1265,5,2.95
1266,5,3.05
1267,5,3.15
1268,5,3.35
1269,5,3.50
1270,5,3.65
1271,5,3.85
1272,5,4.15
1273,5,4.35
1274,5,3.65
1275,5,4.35
1276,5,3.55
1277,5,1.20
1278,5,4.30
1279,5,1.20
1280,5,1.20
1281,5,1.20
1282,5,2.25
1283,5,2.50
1284,5,2.85
1285,5,3.05
1286,5,4.05
1287,5,4.05
1288,5,4.05
1289,5,4.05
1290,5,4.10
1291,5,4.10
1292,5,4.20
1293,5,4.25
1294,5,4.35
1295,5,6.90
1296,5,4.60
1297,5,5.05
1298,5,5.20
1299,5,1.20
1300,5,1.20
1301,5,4.10
1302,5,4.30
1303,5,7.15
1304,5,4.50
1305,5,3.90
1306,5,3.00
1307,5,2.90
1308,5,2.80
1309,5,2.65
1310,5,2.65
1311,5,2.60
1312,5,2.60
1313,5,2.60
1314,5,2.60
1315,5,2.60
1316,5,2.70
1317,5,2.85
1318,5,3.00
1319,5,3.15
1320,5,3.35
1321,5,3.50
1322,5,3.80
1323,5,4.05
1324,5,3.35
1325,5,4.00
1326,5,1.20
1327,5,3.55
1328,5,4.00
1329,5,1.20
1330,5,1.20
1331,5,1.20
1332,5,1.85
1333,5,2.20
1334,5,2.50
1335,5,2.70
1336,5,3.70
1337,5,3.70
1338,5,3.70
1339,5,3.70
1340,5,3.75
1341,5,3.80
1342,5,3.90
1343,5,3.95
1344,5,4.00
1345,5,6.55
1346,5,4.30
1347,5,4.75
1348,5,4.90
1349,5,1.20
1350,5,2.10
1351,5,2.00
1352,5,2.00
1353,5,4.95
1354,5,2.30
1355,5,3.95
1356,5,3.15
1357,5,3.05
1358,5,2.95
1359,5,2.80
1360,5,2.80
1361,5,2.70
1362,5,2.65
1363,5,2.60
1364,5,2.60
1365,5,2.60
1366,5,2.75
1367,5,2.90
1368,5,3.05
1369,5,3.20
1370,5,3.40
1371,5,3.55
1372,5,3.85
1373,5,4.10
1374,5,3.40
1375,5,4.05
1376,5,4.30
1377,5,4.00
1378,5,3.55
1379,5,3.90
1380,5,3.60
1381,5,3.55
1382,5,3.30
1383,5,3.05
1384,5,2.75
1385,5,2.55
1386,5,2.25
1387,5,2.25
1388,5,2.25
1389,5,2.25
1390,5,2.15
1391,5,2.05
1392,5,2.00
1393,5,2.00
1394,5,2.00
1395,5,6.60
1396,5,4.35
1397,5,4.80
1398,5,4.95
1399,5,4.40
1400,5,4.80
1401,5,4.00
1402,5,4.15
1403,5,7.05
1404,5,4.35
1405,5,3.80
1406,5,2.90
1407,5,2.75
1408,5,2.65
1409,5,2.55
1410,5,2.50
1411,5,2.50
1412,5,2.50
1413,5,2.50
1414,5,2.50
1415,5,2.50
1416,5,2.60
1417,5,2.70
1418,5,2.90
1419,5,3.05
1420,5,3.20
1421,5,3.40
1422,5,3.70
1423,5,3.90
1424,5,3.20
1425,5,3.90
1426,5,1.20
1427,5,1.20
1428,5,3.90
1429,5,3.55
1430,5,1.20
1431,5,1.20
1432,5,1.20
1433,5,1.20
1434,5,2.40
1435,5,2.60
1436,5,3.60
1437,5,3.60
1438,5,3.60
1439,5,3.60
1440,5,3.65
1441,5,3.70
1442,5,3.75
1443,5,3.80
1444,5,3.90
1445,5,6.45
1446,5,4.20
1447,5,4.60
1448,5,4.80
1449,5,1.20
1450,5,2.20
1451,5,3.75
1452,5,3.90
1453,5,6.75
1454,5,4.10
1455,5,3.55
1456,5,2.65
1457,5,2.50
1458,5,2.40
1459,5,2.30
1460,5,2.25
1461,5,2.25
1462,5,2.25
1463,5,2.25
1464,5,2.25
1465,5,2.25
1466,5,2.35
1467,5,2.45
1468,5,2.65
1469,5,2.80
1470,5,2.95
1471,5,3.15
1472,5,3.45
1473,5,3.65
1474,5,2.95
1475,5,3.65
1476,5,1.20
1477,5,1.20
1478,5,3.60
1479,5,1.20
1480,5,3.55
1481,5,1.20
1482,5,1.20
1483,5,1.20
1484,5,2.15
1485,5,2.35
1486,5,3.35
1487,5,3.35
1488,5,3.35
1489,5,3.35
1490,5,3.40
1491,5,3.45
1492,5,3.50
1493,5,3.55
1494,5,3.65
1495,5,6.20
1496,5,3.90
1497,5,4.35
1498,5,4.50
1499,5,2.05
1500,5,2.45
1501,5,3.65
1502,5,3.80
1503,5,6.70
1504,5,4.00
1505,5,3.45
1506,5,2.55
1507,5,2.40
1508,5,2.30
1509,5,2.20
1510,5,2.15
1511,5,2.10
1512,5,2.10
1513,5,2.15
1514,5,2.15
1515,5,2.15
1516,5,2.25
1517,5,2.35
1518,5,2.55
1519,5,2.70
1520,5,2.85
1521,5,3.05
1522,5,3.35
1523,5,3.55
1524,5,2.85
1525,5,3.55
1526,5,1.20
1527,5,1.20
1528,5,3.55
1529,5,1.20
1530,5,1.20
1531,5,3.55
1532,5,1.20
1533,5,1.20
1534,5,2.00
1535,5,2.25
1536,5,3.25
1537,5,3.25
1538,5,3.25
1539,5,3.25
1540,5,3.30
1541,5,3.35
1542,5,3.40
1543,5,3.45
1544,5,3.55
1545,5,6.10
1546,5,3.85
1547,5,4.30
1548,5,4.45
1549,5,2.15
1550,5,2.55
1551,5,3.40
1552,5,3.60
1553,5,6.45
1554,5,3.80
1555,5,3.25
1556,5,2.30
1557,5,2.20
1558,5,2.10
1559,5,1.95
1560,5,1.90
1561,5,1.80
1562,5,1.75
1563,5,1.85
1564,5,1.85
1565,5,1.85
1566,5,2.00
1567,5,2.15
1568,5,2.35
1569,5,2.45
1570,5,2.65
1571,5,2.85
1572,5,3.15
1573,5,3.35
1574,5,2.65
1575,5,3.35
1576,5,2.25
1577,5,1.85
1578,5,3.30
1579,5,1.20
1580,5,1.20
1581,5,1.20
1582,5,3.55
1583,5,1.20
1584,5,1.65
1585,5,2.00
1586,5,3.05
1587,5,3.05
1588,5,3.05
1589,5,3.05
1590,5,3.10
1591,5,3.10
1592,5,3.20
1593,5,3.25
1594,5,3.30
1595,5,5.90
1596,5,3.60
1597,5,4.05
1598,5,4.20
1599,5,2.35
1600,5,2.75
1601,5,3.20
1602,5,3.35
1603,5,6.20
1604,5,3.55
1605,5,3.00
1606,5,2.05
1607,5,1.95
1608,5,1.80
1609,5,1.60
1610,5,1.55
1611,5,1.45
1612,5,1.20
1613,5,1.50
1614,5,1.50
1615,5,1.50
1616,5,1.70
1617,5,1.90
1618,5,2.10
1619,5,2.25
1620,5,2.40
1621,5,2.60
1622,5,2.90
1623,5,3.10
1624,5,2.40
1625,5,3.10
1626,5,2.50
1627,5,2.20
1628,5,3.05
1629,5,1.20
1630,5,1.20
1631,5,1.20
1632,5,1.20
1633,5,3.55
1634,5,1.20
1635,5,1.65
1636,5,2.80
1637,5,2.80
1638,5,2.80
1639,5,2.80
1640,5,2.85
1641,5,2.90
1642,5,2.95
1643,5,3.00
1644,5,3.10
1645,5,5.65
1646,5,3.35
1647,5,3.80
1648,5,3.95
1649,5,2.60
1650,5,3.00
1651,5,2.85
1652,5,3.00
1653,5,5.90
1654,5,3.20
1655,5,2.65
1656,5,1.65
1657,5,1.45
1658,5,1.30
1659,5,1.20
1660,5,1.20
1661,5,1.20
1662,5,1.20
1663,5,1.20
1664,5,1.20
1665,5,1.20
1666,5,1.20
1667,5,1.40
1668,5,1.70
1669,5,1.90
1670,5,2.10
1671,5,2.25
1672,5,2.60
1673,5,2.80
1674,5,2.10
1675,5,2.80
1676,5,2.85
1677,5,2.50
1678,5,2.75
1679,5,2.40
1680,5,2.15
1681,5,2.00
1682,5,1.65
1683,5,1.20
1684,5,3.55
1685,5,1.20
1686,5,2.40
1687,5,2.40
1688,5,2.40
1689,5,2.40
1690,5,2.50
1691,5,2.55
1692,5,2.60
1693,5,2.65
1694,5,2.75
1695,5,5.15
1696,5,3.05
1697,5,3.50
1698,5,3.65
1699,5,2.95
1700,5,3.35
1701,5,2.65
1702,5,2.80
1703,5,5.70
1704,5,3.00
1705,5,2.70
1706,5,1.85
1707,5,1.65
1708,5,1.50
1709,5,1.30
1710,5,1.25
1711,5,1.20
1712,5,1.20
1713,5,1.20
1714,5,1.20
1715,5,1.20
1716,5,1.20
1717,5,1.35
1718,5,1.65
1719,5,1.85
1720,5,2.10
1721,5,2.30
1722,5,2.60
1723,5,2.80
1724,5,2.10
1725,5,2.80
1726,5,3.05
1727,5,2.70
1728,5,2.55
1729,5,2.60
1730,5,2.35
1731,5,2.25
1732,5,2.00
1733,5,1.65
1734,5,1.20
1735,5,3.55
1736,5,1.95
1737,5,1.95
1738,5,1.95
1739,5,1.95
1740,5,2.15
1741,5,2.20
1742,5,2.35
1743,5,2.45
1744,5,2.55
1745,5,5.05
1746,5,3.05
1747,5,3.50
1748,5,3.65
1749,5,3.10
1750,5,3.50
1751,5,2.40
1752,5,2.65
1753,5,5.55
1754,5,2.90
1755,5,3.70
1756,5,2.90
1757,5,2.75
1758,5,2.65
1759,5,2.55
1760,5,2.50
1761,5,2.40
1762,5,2.25
1763,5,2.10
1764,5,2.10
1765,5,2.10
1766,5,2.40
1767,5,2.60
1768,5,2.80
1769,5,2.95
1770,5,3.10
1771,5,3.30
1772,5,3.60
1773,5,3.80
1774,5,3.10
1775,5,3.80
1776,5,4.05
1777,5,3.70
1778,5,2.25
1779,5,3.60
1780,5,3.35
1781,5,3.25
1782,5,3.05
1783,5,2.80
1784,5,2.40
1785,5,1.95
1786,5,3.55
1787,5,1.20
1788,5,1.20
1789,5,1.20
1790,5,1.20
1791,5,1.20
1792,5,1.20
1793,5,1.20
1794,5,2.00
1795,5,6.30
1796,5,4.05
1797,5,4.50
1798,5,4.65
1799,5,4.15
1800,5,4.55
1801,5,2.40
1802,5,2.65
1803,5,5.55
1804,5,2.90
1805,5,3.70
1806,5,2.90
1807,5,2.75
1808,5,2.65
1809,5,2.55
1810,5,2.50
1811,5,2.40
1812,5,2.25
1813,5,2.10
1814,5,2.10
1815,5,2.10
1816,5,2.40
1817,5,2.60
1818,5,2.80
1819,5,2.95
1820,5,3.10
1821,5,3.30
1822,5,3.60
1823,5,3.80
1824,5,3.10
1825,5,3.80
1826,5,4.05
1827,5,3.70
1828,5,2.25
1829,5,3.60
1830,5,3.35
1831,5,3.25
1832,5,3.05
1833,5,2.80
1834,5,2.40
1835,5,1.95
1836,5,1.20
1837,5,3.55
1838,5,1.20
1839,5,1.20
1840,5,1.20
1841,5,1.20
1842,5,1.20
1843,5,1.20
1844,5,2.00
1845,5,6.30
1846,5,4.05
1847,5,4.50
1848,5,4.65
1849,5,4.15
1850,5,4.55
1851,5,2.40
1852,5,2.65
1853,5,5.55
1854,5,2.90
1855,5,3.70
1856,5,2.90
1857,5,2.75
1858,5,2.65
1859,5,2.55
1860,5,2.50
1861,5,2.40
1862,5,2.25
1863,5,2.10
1864,5,2.10
1865,5,2.10
1866,5,2.40
1867,5,2.60
1868,5,2.80
1869,5,2.95
1870,5,3.10
1871,5,3.30
1872,5,3.60
1873,5,3.80
1874,5,3.10
1875,5,3.80
1876,5,4.05
1877,5,3.70
1878,5,2.25
1879,5,3.60
1880,5,3.35
1881,5,3.25
1882,5,3.05
1883,5,2.80
1884,5,2.40
1885,5,1.95
1886,5,1.20
1887,5,1.20
1888,5,3.55
1889,5,1.20
1890,5,1.20
1891,5,1.20
1892,5,1.20
1893,5,1.20
1894,5,2.00
1895,5,6.30
1896,5,4.05
1897,5,4.50
1898,5,4.65
1899,5,4.15
1900,5,4.55
1901,5,2.40
1902,5,2.65
1903,5,5.55
1904,5,2.90
1905,5,3.70
1906,5,2.90
1907,5,2.75
1908,5,2.65
1909,5,2.55
1910,5,2.50
1911,5,2.40
1912,5,2.25
1913,5,2.10
1914,5,2.10
1915,5,2.10
1916,5,2.40
1917,5,2.60
1918,5,2.80
1919,5,2.95
1920,5,3.10
1921,5,3.30
1922,5,3.60
1923,5,3.80
1924,5,3.10
1925,5,3.80
1926,5,4.05
1927,5,3.70
1928,5,2.25
1929,5,3.60
1930,5,3.35
1931,5,3.25
1932,5,3.05
1933,5,2.80
1934,5,2.40
1935,5,1.95
1936,5,1.20
1937,5,1.20
1938,5,1.20
1939,5,3.55
1940,5,1.20
1941,5,1.20
1942,5,1.20
1943,5,1.20
1944,5,2.00
1945,5,6.30
1946,5,4.05
1947,5,4.50
1948,5,4.65
1949,5,4.15
1950,5,4.55
1951,5,2.30
1952,5,2.55
1953,5,5.50
1954,5,2.85
1955,5,3.75
1956,5,2.95
1957,5,2.80
1958,5,2.70
1959,5,2.60
1960,5,2.55
1961,5,2.50
1962,5,2.35
1963,5,2.25
1964,5,2.25
1965,5,2.25
1966,5,2.50
1967,5,2.65
1968,5,2.85
1969,5,3.00
1970,5,3.15
1971,5,3.35
1972,5,3.65
1973,5,3.85
1974,5,3.15
1975,5,3.85
1976,5,4.10
1977,5,3.75
1978,5,2.15
1979,5,3.65
1980,5,3.40
1981,5,3.30
1982,5,3.10
1983,5,2.85
1984,5,2.50
1985,5,2.15
1986,5,1.20
1987,5,1.20
1988,5,1.20
1989,5,1.20
1990,5,3.55
1991,5,1.20
1992,5,1.20
1993,5,1.20
1994,5,1.90
1995,5,6.40
1996,5,4.10
1997,5,4.55
1998,5,4.70
1999,5,4.20
2000,5,4.60
2001,5,2.25
2002,5,2.50
2003,5,5.45
2004,5,2.80
2005,5,3.75
2006,5,2.95
2007,5,2.85
2008,5,2.75
2009,5,2.60
2010,5,2.60
2011,5,2.50
2012,5,2.40
2013,5,2.30
2014,5,2.30
2015,5,2.30
2016,5,2.55
2017,5,2.70
2018,5,2.85
2019,5,3.00
2020,5,3.20
2021,5,3.35
2022,5,3.65
2023,5,3.90
2024,5,3.20
2025,5,3.85
2026,5,4.10
2027,5,3.80
2028,5,2.05
2029,5,3.70
2030,5,3.45
2031,5,3.35
2032,5,3.10
2033,5,2.90
2034,5,2.55
2035,5,2.20
2036,5,1.20
2037,5,1.20
2038,5,1.20
2039,5,1.20
2040,5,1.20
2041,5,3.55
2042,5,1.20
2043,5,1.20
2044,5,1.90
2045,5,6.40
2046,5,4.15
2047,5,4.60
2048,5,4.75
2049,5,4.20
2050,5,4.60
2051,5,2.10
2052,5,2.35
2053,5,5.30
2054,5,2.65
2055,5,3.85
2056,5,3.05
2057,5,2.90
2058,5,2.85
2059,5,2.70
2060,5,2.65
2061,5,2.60
2062,5,2.55
2063,5,2.45
2064,5,2.45
2065,5,2.45
2066,5,2.65
2067,5,2.75
2068,5,2.95
2069,5,3.10
2070,5,3.25
2071,5,3.45
2072,5,3.75
2073,5,3.95
2074,5,3.30
2075,5,3.95
2076,5,4.20
2077,5,3.90
2078,5,2.00
2079,5,3.75
2080,5,3.50
2081,5,3.40
2082,5,3.20
2083,5,2.95
2084,5,2.60
2085,5,2.35
2086,5,1.20
2087,5,1.20
2088,5,1.20
2089,5,1.20
2090,5,1.20
2091,5,1.20
2092,5,3.55
2093,5,1.20
2094,5,1.90
2095,5,6.50
2096,5,4.25
2097,5,4.70
2098,5,4.85
2099,5,4.30
2100,5,4.70
2101,5,2.00
2102,5,2.25
2103,5,5.20
2104,5,2.55
2105,5,3.90
2106,5,3.10
2107,5,2.95
2108,5,2.85
2109,5,2.75
2110,5,2.70
2111,5,2.65
2112,5,2.60
2113,5,2.55
2114,5,2.55
2115,5,2.55
2116,5,2.70
2117,5,2.80
2118,5,3.00
2119,5,3.15
2120,5,3.30
2121,5,3.50
2122,5,3.80
2123,5,4.00
2124,5,3.30
2125,5,4.00
2126,5,4.25
2127,5,3.95
2128,5,2.00
2129,5,3.80
2130,5,3.55
2131,5,3.45
2132,5,3.25
2133,5,3.00
2134,5,2.65
2135,5,2.45
2136,5,1.20
2137,5,1.20
2138,5,1.20
2139,5,1.20
2140,5,1.20
2141,5,1.20
2142,5,1.20
2143,5,3.55
2144,5,1.90
2145,5,6.55
2146,5,4.30
2147,5,4.75
2148,5,4.90
2149,5,4.35
2150,5,4.75
2151,5,2.00
2152,5,2.00
2153,5,5.05
2154,5,2.45
2155,5,4.00
2156,5,3.20
2157,5,3.05
2158,5,2.95
2159,5,2.85
2160,5,2.80
2161,5,2.75
2162,5,2.65
2163,5,2.60
2164,5,2.60
2165,5,2.60
2166,5,2.80
2167,5,2.90
2168,5,3.05
2169,5,3.20
2170,5,3.40
2171,5,3.60
2172,5,3.90
2173,5,4.10
2174,5,3.40
2175,5,4.10
2176,5,4.35
2177,5,4.00
2178,5,2.00
2179,5,3.90
2180,5,3.65
2181,5,3.55
2182,5,3.30
2183,5,3.10
2184,5,2.75
2185,5,2.55
2186,5,2.00
2187,5,2.00
2188,5,2.00
2189,5,2.00
2190,5,1.90
2191,5,1.90
2192,5,1.90
2193,5,1.90
2194,5,3.55
2195,5,6.65
2196,5,4.35
2197,5,4.80
2198,5,4.95
2199,5,4.45
2200,5,4.85
2201,5,6.75
2202,5,6.90
2203,5,9.75
2204,5,7.10
2205,5,6.05
2206,5,5.85
2207,5,5.70
2208,5,5.60
2209,5,5.40
2210,5,5.35
2211,5,5.25
2212,5,5.10
2213,5,4.95
2214,5,4.95
2215,5,4.95
2216,5,4.95
2217,5,3.70
2218,5,4.95
2219,5,4.95
2220,5,5.30
2221,5,5.60
2222,5,6.00
2223,5,6.20
2224,5,5.30
2225,5,6.15
2226,5,6.90
2227,5,6.55
2228,5,6.60
2229,5,6.45
2230,5,6.20
2231,5,6.10
2232,5,5.90
2233,5,5.65
2234,5,5.15
2235,5,5.05
2236,5,6.30
2237,5,6.30
2238,5,6.30
2239,5,6.30
2240,5,6.40
2241,5,6.40
2242,5,6.50
2243,5,6.55
2244,5,6.65
2245,5,3.55
2246,5,6.45
2247,5,6.90
2248,5,7.05
2249,5,7.00
2250,5,7.40
2251,5,4.45
2252,5,4.60
2253,5,7.50
2254,5,4.80
2255,5,3.15
2256,5,3.55
2257,5,3.45
2258,5,3.35
2259,5,3.20
2260,5,3.20
2261,5,3.15
2262,5,3.05
2263,5,3.00
2264,5,3.00
2265,5,3.00
2266,5,2.85
2267,5,2.70
2268,5,2.55
2269,5,2.40
2270,5,2.20
2271,5,1.20
2272,5,1.20
2273,5,1.20
2274,5,2.55
2275,5,3.25
2276,5,4.60
2277,5,4.30
2278,5,4.35
2279,5,4.20
2280,5,3.90
2281,5,3.85
2282,5,3.60
2283,5,3.35
2284,5,3.05
2285,5,3.05
2286,5,4.05
2287,5,4.05
2288,5,4.05
2289,5,4.05
2290,5,4.10
2291,5,4.15
2292,5,4.25
2293,5,4.30
2294,5,4.35
2295,5,6.45
2296,5,3.55
2297,5,1.45
2298,5,1.70
2299,5,4.70
2300,5,5.10
2301,5,4.90
2302,5,5.05
2303,5,7.95
2304,5,5.25
2305,5,3.60
2306,5,4.00
2307,5,3.90
2308,5,3.80
2309,5,3.65
2310,5,3.65
2311,5,3.60
2312,5,3.50
2313,5,3.45
2314,5,3.45
2315,5,3.45
2316,5,3.30
2317,5,3.15
2318,5,3.00
2319,5,2.85
2320,5,2.65
2321,5,2.50
2322,5,2.20
2323,5,1.90
2324,5,3.00
2325,5,3.70
2326,5,5.05
2327,5,4.75
2328,5,4.80
2329,5,4.60
2330,5,4.35
2331,5,4.30
2332,5,4.05
2333,5,3.80
2334,5,3.50
2335,5,3.50
2336,5,4.50
2337,5,4.50
2338,5,4.50
2339,5,4.50
2340,5,4.55
2341,5,4.60
2342,5,4.70
2343,5,4.75
2344,5,4.80
2345,5,6.90
2346,5,1.45
2347,5,3.55
2348,5,1.20
2349,5,5.15
2350,5,5.55
2351,5,5.05
2352,5,5.20
2353,5,8.10
2354,5,5.40
2355,5,3.75
2356,5,4.15
2357,5,4.05
2358,5,3.95
2359,5,3.80
2360,5,3.80
2361,5,3.75
2362,5,3.65
2363,5,3.60
2364,5,3.60
2365,5,3.60
2366,5,3.45
2367,5,3.30
2368,5,3.15
2369,5,3.00
2370,5,2.80
2371,5,2.65
2372,5,2.35
2373,5,2.10
2374,5,3.15
2375,5,3.85
2376,5,5.20
2377,5,4.90
2378,5,4.95
2379,5,4.80
2380,5,4.50
2381,5,4.45
2382,5,4.20
2383,5,3.95
2384,5,3.65
2385,5,3.65
2386,5,4.65
2387,5,4.65
2388,5,4.65
2389,5,4.65
2390,5,4.70
2391,5,4.75
2392,5,4.85
2393,5,4.90
2394,5,4.95
2395,5,7.05
2396,5,1.70
2397,5,1.20
2398,5,3.55
2399,5,5.30
2400,5,5.70
2401,5,4.55
2402,5,4.70
2403,5,7.55
2404,5,4.90
2405,5,4.35
2406,5,3.40
2407,5,3.30
2408,5,3.20
2409,5,3.10
2410,5,3.05
2411,5,3.00
2412,5,3.00
2413,5,3.05
2414,5,3.05
2415,5,3.05
2416,5,3.15
2417,5,3.25
2418,5,3.45
2419,5,3.60
2420,5,3.75
2421,5,3.95
2422,5,4.25
2423,5,4.45
2424,5,3.75
2425,5,4.45
2426,5,1.20
2427,5,1.20
2428,5,4.40
2429,5,1.20
2430,5,2.05
2431,5,2.15
2432,5,2.35
2433,5,2.60
2434,5,2.95
2435,5,3.10
2436,5,4.15
2437,5,4.15
2438,5,4.15
2439,5,4.15
2440,5,4.20
2441,5,4.20
2442,5,4.30
2443,5,4.35
2444,5,4.45
2445,5,7.00
2446,5,4.70
2447,5,5.15
2448,5,5.30
2449,5,3.55
2450,5,1.20
2451,5,4.95
2452,5,5.10
2453,5,7.95
2454,5,5.30
2455,5,4.75
2456,5,3.80
2457,5,3.70
2458,5,3.60
2459,5,3.45
2460,5,3.45
2461,5,3.40
2462,5,3.40
2463,5,3.45
2464,5,3.45
2465,5,3.45
2466,5,3.55
2467,5,3.65
2468,5,3.85
2469,5,3.95
2470,5,4.15
2471,5,4.35
2472,5,4.65
2473,5,4.85
2474,5,4.15
2475,5,4.85
2476,5,1.20
2477,5,2.10
2478,5,4.80
2479,5,2.20
2480,5,2.45
2481,5,2.55
2482,5,2.75
2483,5,3.00
2484,5,3.35
2485,5,3.50
2486,5,4.55
2487,5,4.55
2488,5,4.55
2489,5,4.55
2490,5,4.60
2491,5,4.60
2492,5,4.70
2493,5,4.75
2494,5,4.85
2495,5,7.40
2496,5,5.10
2497,5,5.55
2498,5,5.70
2499,5,1.20
2500,5,3.55
1,2,2.65
2,2,1.50
3,2,3.55
4,2,1.50
5,2,3.05
6,2,2.45
7,2,2.35
8,2,2.25
9,2,2.20
10,2,2.15
11,2,2.10
12,2,2.05
13,2,2.00
14,2,2.00
15,2,2.00
16,2,2.15
17,2,2.25
18,2,2.35
19,2,2.45
20,2,2.60
21,2,2.75
22,2,3.00
23,2,3.15
24,2,2.60
25,2,3.15
26,2,3.30
27,2,3.05
28,2,1.50
29,2,3.00
30,2,2.80
31,2,2.70
32,2,2.55
33,2,2.40
34,2,2.10
35,2,2.00
36,2,1.80
37,2,1.80
38,2,1.80
39,2,1.80
40,2,1.70
41,2,1.65
42,2,1.55
43,2,1.50
44,2,1.50
45,2,5.05
46,2,3.35
47,2,3.65
48,2,3.80
49,2,3.40
50,2,3.70
51,2,1.50
52,2,2.65
53,2,3.55
54,2,1.50
55,2,3.15
56,2,2.55
57,2,2.45
58,2,2.40
59,2,2.30
60,2,2.30
61,2,2.25
62,2,2.15
63,2,2.15
64,2,2.15
65,2,2.15
66,2,2.25
67,2,2.35
68,2,2.50
69,2,2.60
70,2,2.75
71,2,2.85
72,2,3.10
73,2,3.25
74,2,2.75
75,2,3.25
76,2,3.45
77,2,3.20
78,2,1.50
79,2,3.10
80,2,2.90
81,2,2.85
82,2,2.70
83,2,2.50
84,2,2.25
85,2,2.10
86,2,2.00
87,2,2.00
88,2,2.00
89,2,2.00
90,2,1.90
91,2,1.85
92,2,1.75
93,2,1.70
94,2,1.50
95,2,5.15
96,2,3.45
97,2,3.80
98,2,3.90
99,2,3.50
100,2,3.80
101,2,3.55
102,2,3.55
103,2,2.65
104,2,2.05
105,2,5.30
106,2,4.70
107,2,4.65
108,2,4.55
109,2,4.45
110,2,4.45
111,2,4.40
112,2,4.35
113,2,4.30
114,2,4.30
115,2,4.30
116,2,4.40
117,2,4.50
118,2,4.65
119,2,4.75
120,2,4.90
121,2,5.00
122,2,5.25
123,2,5.40
124,2,4.90
125,2,5.40
126,2,5.60
127,2,5.35
128,2,3.70
129,2,5.25
130,2,5.05
131,2,5.00
132,2,4.85
133,2,4.65
134,2,4.40
135,2,4.25
136,2,4.15
137,2,4.15
138,2,4.15
139,2,4.15
140,2,4.10
141,2,4.05
142,2,3.95
143,2,3.90
144,2,3.80
145,2,7.30
146,2,5.60
147,2,5.95
148,2,6.05
149,2,5.65
150,2,5.95
151,2,1.50
152,2,1.50
153,2,2.05
154,2,2.65
155,2,3.30
156,2,2.70
157,2,2.60
158,2,2.55
159,2,2.45
160,2,2.45
161,2,2.40
162,2,2.35
163,2,2.30
164,2,2.30
165,2,2.30
166,2,2.40
167,2,2.50
168,2,2.65
169,2,2.75
170,2,2.90
171,2,3.00
172,2,3.25
173,2,3.40
174,2,2.90
175,2,3.40
176,2,3.60
177,2,3.35
178,2,1.70
179,2,3.25
180,2,3.05
181,2,3.00
182,2,2.85
183,2,2.65
184,2,2.40
185,2,2.25
186,2,2.15
187,2,2.15
188,2,2.15
189,2,2.15
190,2,2.10
191,2,2.10
192,2,2.00
193,2,1.90
194,2,1.80
195,2,5.30
196,2,3.60
197,2,3.95
198,2,4.05
199,2,3.65
200,2,3.95
201,2,3.05
202,2,3.15
203,2,5.30
204,2,3.30
205,2,2.65
206,2,2.40
207,2,2.30
208,2,2.20
209,2,2.10
210,2,2.10
211,2,2.05
212,2,2.00
213,2,1.95
214,2,1.95
215,2,1.95
216,2,1.85
217,2,1.75
218,2,1.60
219,2,0.90
220,2,1.65
221,2,1.75
222,2,2.00
223,2,2.15
224,2,0.90
225,2,0.90
226,2,3.15
227,2,2.90
228,2,2.95
229,2,2.85
230,2,2.65
231,2,2.55
232,2,2.40
233,2,2.25
234,2,2.00
235,2,2.00
236,2,2.75
237,2,2.75
238,2,2.75
239,2,2.75
240,2,2.80
241,2,2.80
242,2,2.90
243,2,2.90
244,2,3.00
245,2,4.55
246,2,2.35
247,2,2.70
248,2,2.80
249,2,3.25
250,2,3.55
251,2,2.45
252,2,2.55
253,2,4.70
254,2,2.70
255,2,2.40
256,2,2.65
257,2,0.90
258,2,0.90
259,2,0.90
260,2,0.90
261,2,0.90
262,2,1.25
263,2,1.30
264,2,1.30
265,2,1.30
266,2,1.45
267,2,1.55
268,2,1.70
269,2,1.80
270,2,1.95
271,2,2.10
272,2,2.30
273,2,2.45
274,2,1.95
275,2,2.45
276,2,2.45
277,2,2.25
278,2,2.35
279,2,2.15
280,2,1.95
281,2,1.90
282,2,1.70
283,2,1.55
284,2,1.25
285,2,1.40
286,2,2.15
287,2,2.15
288,2,2.15
289,2,2.15
290,2,2.20
291,2,2.20
292,2,2.25
293,2,2.30
294,2,2.40
295,2,4.35
296,2,2.65
297,2,3.00
298,2,3.10
299,2,2.55
300,2,2.85
301,2,2.35
302,2,2.45
303,2,4.65
304,2,2.60
305,2,2.30
306,2,0.90
307,2,2.65
308,2,0.90
309,2,0.90
310,2,0.90
311,2,0.90
312,2,1.05
313,2,1.15
314,2,1.15
315,2,1.15
316,2,1.35
317,2,1.45
318,2,1.60
319,2,1.70
320,2,1.85
321,2,2.00
322,2,2.20
323,2,2.40
324,2,1.85
325,2,2.35
326,2,2.40
327,2,2.15
328,2,2.25
329,2,2.05
330,2,1.85
331,2,1.80
332,2,1.65
333,2,1.45
334,2,1.10
335,2,1.25
336,2,2.05
337,2,2.05
338,2,2.05
339,2,2.05
340,2,2.10
341,2,2.10
342,2,2.15
343,2,2.20
344,2,2.25
345,2,4.25
346,2,2.55
347,2,2.90
348,2,3.00
349,2,2.45
350,2,2.75
351,2,2.25
352,2,2.40
353,2,4.55
354,2,2.55
355,2,2.20
356,2,0.90
357,2,0.90
358,2,2.65
359,2,0.90
360,2,0.90
361,2,0.90
362,2,0.95
363,2,1.05
364,2,1.05
365,2,1.05
366,2,1.25
367,2,1.40
368,2,1.55
369,2,1.65
370,2,1.80
371,2,1.90
372,2,2.15
373,2,2.30
374,2,1.75
375,2,2.30
376,2,2.30
377,2,2.10
378,2,2.20
379,2,2.00
380,2,1.80
381,2,1.70
382,2,1.55
383,2,1.35
384,2,0.95
385,2,1.10
386,2,2.00
387,2,2.00
388,2,2.00
389,2,2.00
390,2,2.00
391,2,2.05
392,2,2.10
393,2,2.15
394,2,2.20
395,2,4.20
396,2,2.50
397,2,2.85
398,2,2.95
399,2,2.40
400,2,2.70
401,2,2.20
402,2,2.30
403,2,4.45
404,2,2.45
405,2,2.10
406,2,0.90
407,2,0.90
408,2,0.90
409,2,2.65
410,2,0.90
411,2,0.90
412,2,0.90
413,2,0.90
414,2,0.90
415,2,0.90
416,2,1.10
417,2,1.25
418,2,1.45
419,2,1.55
420,2,1.70
421,2,1.80
422,2,2.05
423,2,2.20
424,2,1.70
425,2,2.20
426,2,2.25
427,2,2.00
428,2,2.10
429,2,1.90
430,2,1.70
431,2,1.65
432,2,1.45
433,2,1.20
434,2,0.90
435,2,0.95
436,2,1.90
437,2,1.90
438,2,1.90
439,2,1.90
440,2,1.95
441,2,1.95
442,2,2.00
443,2,2.05
444,2,2.10
445,2,4.05
446,2,2.40
447,2,2.75
448,2,2.85
449,2,2.30
450,2,2.60
451,2,2.15
452,2,2.30
453,2,4.45
454,2,2.45
455,2,2.10
456,2,0.90
457,2,0.90
458,2,0.90
459,2,0.90
460,2,2.65
461,2,0.90
462,2,0.90
463,2,0.90
464,2,0.90
465,2,0.90
466,2,1.05
467,2,1.20
468,2,1.40
469,2,1.55
470,2,1.65
471,2,1.80
472,2,2.00
473,2,2.15
474,2,1.65
475,2,2.15
476,2,2.20
477,2,1.95
478,2,2.10
479,2,1.85
480,2,1.65
481,2,1.60
482,2,1.40
483,2,1.15
484,2,0.90
485,2,0.90
486,2,1.85
487,2,1.85
488,2,1.85
489,2,1.85
490,2,1.90
491,2,1.95
492,2,2.00
493,2,2.00
494,2,2.10
495,2,4.00
496,2,2.40
497,2,2.70
498,2,2.85
499,2,2.25
500,2,2.55
501,2,2.10
502,2,2.25
503,2,4.40
504,2,2.40
505,2,2.05
506,2,0.90
507,2,0.90
508,2,0.90
509,2,0.90
510,2,0.90
511,2,2.65
512,2,0.90
513,2,0.90
514,2,0.90
515,2,0.90
516,2,0.95
517,2,1.10
518,2,1.35
519,2,1.50
520,2,1.60
521,2,1.75
522,2,2.00
523,2,2.15
524,2,1.60
525,2,2.15
526,2,2.15
527,2,1.95
528,2,2.00
529,2,1.85
530,2,1.65
531,2,1.55
532,2,1.35
533,2,1.05
534,2,0.90
535,2,0.90
536,2,1.80
537,2,1.80
538,2,1.80
539,2,1.80
540,2,1.85
541,2,1.85
542,2,1.95
543,2,2.00
544,2,2.05
545,2,3.90
546,2,2.35
547,2,2.70
548,2,2.80
549,2,2.25
550,2,2.55
551,2,2.05
552,2,2.15
553,2,4.35
554,2,2.35
555,2,2.00
556,2,1.25
557,2,1.05
558,2,0.95
559,2,0.90
560,2,0.90
561,2,0.90
562,2,2.65
563,2,0.90
564,2,0.90
565,2,0.90
566,2,0.90
567,2,1.00
568,2,1.25
569,2,1.40
570,2,1.55
571,2,1.70
572,2,1.95
573,2,2.10
574,2,1.55
575,2,2.10
576,2,2.15
577,2,1.95
578,2,1.95
579,2,1.85
580,2,1.65
581,2,1.55
582,2,1.30
583,2,0.90
584,2,0.90
585,2,0.90
586,2,1.65
587,2,1.65
588,2,1.65
589,2,1.65
590,2,1.75
591,2,1.80
592,2,1.90
593,2,1.95
594,2,2.00
595,2,3.80
596,2,2.30
597,2,2.60
598,2,2.75
599,2,2.25
600,2,2.55
601,2,2.00
602,2,2.15
603,2,4.30
604,2,2.30
605,2,1.95
606,2,1.30
607,2,1.15
608,2,1.05
609,2,0.90
610,2,0.90
611,2,0.90
612,2,0.90
613,2,2.65
614,2,0.90
615,2,0.90
616,2,0.90
617,2,0.90
618,2,1.15
619,2,1.30
620,2,1.50
621,2,1.65
622,2,1.85
623,2,2.05
624,2,1.50
625,2,2.00
626,2,2.20
627,2,1.95
628,2,1.95
629,2,1.85
630,2,1.65
631,2,1.60
632,2,1.40
633,2,1.10
634,2,0.90
635,2,0.90
636,2,1.55
637,2,1.55
638,2,1.55
639,2,1.55
640,2,1.65
641,2,1.70
642,2,1.80
643,2,1.90
644,2,1.95
645,2,3.70
646,2,2.25
647,2,2.55
648,2,2.70
649,2,2.25
650,2,2.55
651,2,2.00
652,2,2.15
653,2,4.30
654,2,2.30
655,2,1.95
656,2,1.30
657,2,1.15
658,2,1.05
659,2,0.90
660,2,0.90
661,2,0.90
662,2,0.90
663,2,0.90
664,2,2.65
665,2,0.90
666,2,0.90
667,2,0.90
668,2,1.15
669,2,1.30
670,2,1.50
671,2,1.65
672,2,1.85
673,2,2.05
674,2,1.50
675,2,2.00
676,2,2.20
677,2,1.95
678,2,1.95
679,2,1.85
680,2,1.65
681,2,1.60
682,2,1.40
683,2,1.10
684,2,0.90
685,2,0.90
686,2,1.55
687,2,1.55
688,2,1.55
689,2,1.55
690,2,1.65
691,2,1.70
692,2,1.80
693,2,1.90
694,2,1.95
695,2,3.70
696,2,2.25
697,2,2.55
698,2,2.70
699,2,2.25
700,2,2.55
701,2,2.00
702,2,2.15
703,2,4.30
704,2,2.30
705,2,1.95
706,2,1.30
707,2,1.15
708,2,1.05
709,2,0.90
710,2,0.90
711,2,0.90
712,2,0.90
713,2,0.90
714,2,0.90
715,2,2.65
716,2,0.90
717,2,0.90
718,2,1.15
719,2,1.30
720,2,1.50
721,2,1.65
722,2,1.85
723,2,2.05
724,2,1.50
725,2,2.00
726,2,2.20
727,2,1.95
728,2,1.95
729,2,1.85
730,2,1.65
731,2,1.60
732,2,1.40
733,2,1.10
734,2,0.90
735,2,0.90
736,2,1.55
737,2,1.55
738,2,1.55
739,2,1.55
740,2,1.65
741,2,1.70
742,2,1.80
743,2,1.90
744,2,1.95
745,2,3.70
746,2,2.25
747,2,2.55
748,2,2.70
749,2,2.25
750,2,2.55
751,2,2.15
752,2,2.25
753,2,4.40
754,2,2.40
755,2,1.85
756,2,1.45
757,2,1.35
758,2,1.25
759,2,1.10
760,2,1.05
761,2,0.95
762,2,0.90
763,2,0.90
764,2,0.90
765,2,0.90
766,2,2.65
767,2,0.90
768,2,0.90
769,2,1.10
770,2,1.30
771,2,1.50
772,2,1.75
773,2,1.90
774,2,1.30
775,2,1.90
776,2,2.25
777,2,2.00
778,2,2.05
779,2,1.95
780,2,1.75
781,2,1.65
782,2,1.50
783,2,1.25
784,2,0.90
785,2,0.90
786,2,1.80
787,2,1.80
788,2,1.80
789,2,1.80
790,2,1.85
791,2,1.90
792,2,1.95
793,2,2.00
794,2,2.10
795,2,3.70
796,2,2.10
797,2,2.45
798,2,2.55
799,2,2.35
800,2,2.65
801,2,2.25
802,2,2.35
803,2,4.50
804,2,2.50
805,2,1.75
806,2,1.55
807,2,1.45
808,2,1.40
809,2,1.25
810,2,1.20
811,2,1.10
812,2,1.00
813,2,0.90
814,2,0.90
815,2,0.90
816,2,0.90
817,2,2.65
818,2,0.90
819,2,0.90
820,2,1.15
821,2,1.40
822,2,1.65
823,2,1.85
824,2,1.15
825,2,1.80
826,2,2.35
827,2,2.10
828,2,2.15
829,2,2.00
830,2,1.85
831,2,1.75
832,2,1.60
833,2,1.40
834,2,1.05
835,2,1.00
836,2,1.95
837,2,1.95
838,2,1.95
839,2,1.95
840,2,2.00
841,2,2.00
842,2,2.05
843,2,2.10
844,2,2.15
845,2,2.75
846,2,2.00
847,2,2.35
848,2,2.45
849,2,2.45
850,2,2.70
851,2,2.35
852,2,2.50
853,2,4.65
854,2,2.65
855,2,1.60
856,2,1.70
857,2,1.60
858,2,1.55
859,2,1.45
860,2,1.40
861,2,1.35
862,2,1.25
863,2,1.15
864,2,1.15
865,2,1.15
866,2,0.90
867,2,0.90
868,2,2.65
869,2,0.90
870,2,0.90
871,2,1.15
872,2,1.50
873,2,1.70
874,2,0.90
875,2,1.70
876,2,2.50
877,2,2.25
878,2,2.30
879,2,2.15
880,2,1.95
881,2,1.90
882,2,1.75
883,2,1.55
884,2,1.25
885,2,1.20
886,2,2.10
887,2,2.10
888,2,2.10
889,2,2.10
890,2,2.10
891,2,2.15
892,2,2.20
893,2,2.25
894,2,2.30
895,2,3.70
896,2,1.90
897,2,2.25
898,2,2.35
899,2,2.55
900,2,2.85
901,2,2.45
902,2,2.60
903,2,4.75
904,2,2.75
905,2,0.90
906,2,1.80
907,2,1.70
908,2,1.65
909,2,1.55
910,2,1.55
911,2,1.50
912,2,1.40
913,2,1.30
914,2,1.30
915,2,1.30
916,2,1.10
917,2,0.90
918,2,0.90
919,2,2.65
920,2,0.90
921,2,0.90
922,2,0.90
923,2,0.90
924,2,0.90
925,2,0.90
926,2,2.60
927,2,2.35
928,2,2.40
929,2,2.25
930,2,2.10
931,2,2.00
932,2,1.85
933,2,1.65
934,2,1.40
935,2,1.40
936,2,2.20
937,2,2.20
938,2,2.20
939,2,2.20
940,2,2.25
941,2,2.25
942,2,2.30
943,2,2.35
944,2,2.40
945,2,3.70
946,2,1.80
947,2,2.10
948,2,2.25
949,2,2.70
950,2,2.95
951,2,2.60
952,2,2.75
953,2,4.90
954,2,2.90
955,2,1.65
956,2,1.95
957,2,1.85
958,2,1.80
959,2,1.70
960,2,1.65
961,2,1.60
962,2,1.55
963,2,1.50
964,2,1.50
965,2,1.50
966,2,1.30
967,2,1.15
968,2,0.90
969,2,0.90
970,2,2.65
971,2,0.90
972,2,0.90
973,2,0.90
974,2,0.90
975,2,1.70
976,2,2.75
977,2,2.50
978,2,2.55
979,2,2.40
980,2,2.20
981,2,2.15
982,2,1.95
983,2,1.80
984,2,1.55
985,2,1.55
986,2,2.30
987,2,2.30
988,2,2.30
989,2,2.30
990,2,2.35
991,2,2.40
992,2,2.45
993,2,2.45
994,2,2.55
995,2,3.95
996,2,1.65
997,2,2.00
998,2,2.10
999,2,2.80
1000,2,3.10
1001,2,2.75
1002,2,2.85
1003,2,5.00
1004,2,3.00
1005,2,1.75
1006,2,2.10
1007,2,2.00
1008,2,1.90
1009,2,1.80
1010,2,1.80
1011,2,1.75
1012,2,1.70
1013,2,1.65
1014,2,1.65
1015,2,1.65
1016,2,1.50
1017,2,1.40
1018,2,1.15
1019,2,0.90
1020,2,0.90
1021,2,2.65
1022,2,0.90
1023,2,0.90
1024,2,1.20
1025,2,1.85
1026,2,2.85
1027,2,2.60
1028,2,2.65
1029,2,2.55
1030,2,2.35
1031,2,2.30
1032,2,2.10
1033,2,1.95
1034,2,1.70
1035,2,1.70
1036,2,2.45
1037,2,2.45
1038,2,2.45
1039,2,2.45
1040,2,2.50
1041,2,2.50
1042,2,2.60
1043,2,2.60
1044,2,2.70
1045,2,4.20
1046,2,0.90
1047,2,1.85
1048,2,1.95
1049,2,2.95
1050,2,3.25
1051,2,3.00
1052,2,3.10
1053,2,5.25
1054,2,3.25
1055,2,2.00
1056,2,2.30
1057,2,2.20
1058,2,2.15
1059,2,2.05
1060,2,2.00
1061,2,2.00
1062,2,1.95
1063,2,1.85
1064,2,1.85
1065,2,1.85
1066,2,1.75
1067,2,1.65
1068,2,1.50
1069,2,0.90
1070,2,0.90
1071,2,0.90
1072,2,2.65
1073,2,0.90
1074,2,1.55
1075,2,2.05
1076,2,3.10
1077,2,2.85
1078,2,2.90
1079,2,2.75
1080,2,2.55
1081,2,2.50
1082,2,2.35
1083,2,2.15
1084,2,1.95
1085,2,1.95
1086,2,2.70
1087,2,2.70
1088,2,2.70
1089,2,2.70
1090,2,2.70
1091,2,2.75
1092,2,2.80
1093,2,2.85
1094,2,2.90
1095,2,4.50
1096,2,0.90
1097,2,1.65
1098,2,1.75
1099,2,3.15
1100,2,3.45
1101,2,3.15
1102,2,3.25
1103,2,5.40
1104,2,3.40
1105,2,2.15
1106,2,2.45
1107,2,2.40
1108,2,2.30
1109,2,2.20
1110,2,2.15
1111,2,2.15
1112,2,2.10
1113,2,2.05
1114,2,2.05
1115,2,2.05
1116,2,1.90
1117,2,1.85
1118,2,1.70
1119,2,0.90
1120,2,0.90
1121,2,0.90
1122,2,0.90
1123,2,2.65
1124,2,1.70
1125,2,2.25
1126,2,3.25
1127,2,3.00
1128,2,3.05
1129,2,2.90
1130,2,2.75
1131,2,2.65
1132,2,2.50
1133,2,2.30
1134,2,2.10
1135,2,2.10
1136,2,2.85
1137,2,2.85
1138,2,2.85
1139,2,2.85
1140,2,2.85
1141,2,2.90
1142,2,2.95
1143,2,3.00
1144,2,3.05
1145,2,4.65
1146,2,0.90
1147,2,1.40
1148,2,1.55
1149,2,3.35
1150,2,3.60
1151,2,2.60
1152,2,2.75
1153,2,4.90
1154,2,2.90
1155,2,0.90
1156,2,1.95
1157,2,1.85
1158,2,1.75
1159,2,1.70
1160,2,1.65
1161,2,1.60
1162,2,1.55
1163,2,1.50
1164,2,1.50
1165,2,1.50
1166,2,1.30
1167,2,1.15
1168,2,0.90
1169,2,0.90
1170,2,0.90
1171,2,1.20
1172,2,1.55
1173,2,1.70
1174,2,2.65
1175,2,0.90
1176,2,2.75
1177,2,2.50
1178,2,2.55
1179,2,2.40
1180,2,2.20
1181,2,2.15
1182,2,1.95
1183,2,1.80
1184,2,1.55
1185,2,1.55
1186,2,2.30
1187,2,2.30
1188,2,2.30
1189,2,2.30
1190,2,2.35
1191,2,2.40
1192,2,2.45
1193,2,2.45
1194,2,2.55
1195,2,3.95
1196,2,1.90
1197,2,2.25
1198,2,2.35
1199,2,2.80
1200,2,3.10
1201,2,3.15
1202,2,3.25
1203,2,5.40
1204,2,3.40
1205,2,0.90
1206,2,2.45
1207,2,2.35
1208,2,2.30
1209,2,2.20
1210,2,2.15
1211,2,2.15
1212,2,2.10
1213,2,2.00
1214,2,2.00
1215,2,2.00
1216,2,1.90
1217,2,1.80
1218,2,1.70
1219,2,0.90
1220,2,1.70
1221,2,1.85
1222,2,2.05
1223,2,2.25
1224,2,0.90
1225,2,2.65
1226,2,3.25
1227,2,3.00
1228,2,3.05
1229,2,2.90
1230,2,2.70
1231,2,2.65
1232,2,2.50
1233,2,2.30
1234,2,2.10
1235,2,2.10
1236,2,2.85
1237,2,2.85
1238,2,2.85
1239,2,2.85
1240,2,2.85
1241,2,2.90
1242,2,2.95
1243,2,3.00
1244,2,3.05
1245,2,4.60
1246,2,2.45
1247,2,2.75
1248,2,2.85
1249,2,3.30
1250,2,3.60
1251,2,3.30
1252,2,3.45
1253,2,5.60
1254,2,3.60
1255,2,3.15
1256,2,2.45
1257,2,2.40
1258,2,2.30
1259,2,2.25
1260,2,2.20
1261,2,2.15
1262,2,2.15
1263,2,2.20
1264,2,2.20
1265,2,2.20
1266,2,2.25
1267,2,2.35
1268,2,2.50
1269,2,2.60
1270,2,2.75
1271,2,2.85
1272,2,3.10
1273,2,3.25
1274,2,2.75
1275,2,3.25
1276,2,2.65
1277,2,0.90
1278,2,3.20
1279,2,0.90
1280,2,0.90
1281,2,0.90
1282,2,1.70
1283,2,1.85
1284,2,2.10
1285,2,2.25
1286,2,3.00
1287,2,3.00
1288,2,3.00
1289,2,3.00
1290,2,3.05
1291,2,3.05
1292,2,3.15
1293,2,3.20
1294,2,3.25
1295,2,5.15
1296,2,3.45
1297,2,3.80
1298,2,3.90
1299,2,0.90
1300,2,0.90
1301,2,3.05
1302,2,3.20
1303,2,5.35
1304,2,3.35
1305,2,2.90
1306,2,2.25
1307,2,2.15
1308,2,2.10
1309,2,2.00
1310,2,1.95
1311,2,1.95
1312,2,1.95
1313,2,1.95
1314,2,1.95
1315,2,1.95
1316,2,2.00
1317,2,2.10
1318,2,2.25
1319,2,2.35
1320,2,2.50
1321,2,2.60
1322,2,2.85
1323,2,3.00
1324,2,2.50
1325,2,3.00
1326,2,0.90
1327,2,2.65
1328,2,3.00
1329,2,0.90
1330,2,0.90
1331,2,0.90
1332,2,1.40
1333,2,1.65
1334,2,1.85
1335,2,2.00
1336,2,2.75
1337,2,2.75
1338,2,2.75
1339,2,2.75
1340,2,2.80
1341,2,2.85
1342,2,2.90
1343,2,2.95
1344,2,3.00
1345,2,4.90
1346,2,3.20
1347,2,3.55
1348,2,3.65
1349,2,0.90
1350,2,1.55
1351,2,1.50
1352,2,1.50
1353,2,3.70
1354,2,1.70
1355,2,2.95
1356,2,2.35
1357,2,2.25
1358,2,2.20
1359,2,2.10
1360,2,2.10
1361,2,2.00
1362,2,1.95
1363,2,1.95
1364,2,1.95
1365,2,1.95
1366,2,2.05
1367,2,2.15
1368,2,2.30
1369,2,2.40
1370,2,2.55
1371,2,2.65
1372,2,2.90
1373,2,3.05
1374,2,2.55
1375,2,3.05
1376,2,3.20
1377,2,3.00
1378,2,2.65
1379,2,2.90
1380,2,2.70
1381,2,2.65
1382,2,2.45
1383,2,2.30
1384,2,2.05
1385,2,1.90
1386,2,1.65
1387,2,1.65
1388,2,1.65
1389,2,1.65
1390,2,1.60
1391,2,1.55
1392,2,1.50
1393,2,1.50
1394,2,1.50
1395,2,4.95
1396,2,3.25
1397,2,3.60
1398,2,3.70
1399,2,3.30
1400,2,3.60
1401,2,3.00
1402,2,3.10
1403,2,5.25
1404,2,3.25
1405,2,2.85
1406,2,2.15
1407,2,2.05
1408,2,2.00
1409,2,1.90
1410,2,1.85
1411,2,1.85
1412,2,1.85
1413,2,1.85
1414,2,1.85
1415,2,1.85
1416,2,1.95
1417,2,2.00
1418,2,2.15
1419,2,2.25
1420,2,2.40
1421,2,2.55
1422,2,2.75
1423,2,2.90
1424,2,2.40
1425,2,2.90
1426,2,0.90
1427,2,0.90
1428,2,2.90
1429,2,2.65
1430,2,0.90
1431,2,0.90
1432,2,0.90
1433,2,0.90
1434,2,1.80
1435,2,1.95
1436,2,2.70
1437,2,2.70
1438,2,2.70
1439,2,2.70
1440,2,2.70
1441,2,2.75
1442,2,2.80
1443,2,2.85
1444,2,2.90
1445,2,4.80
1446,2,3.15
1447,2,3.45
1448,2,3.60
1449,2,0.90
1450,2,1.65
1451,2,2.80
1452,2,2.90
1453,2,5.05
1454,2,3.05
1455,2,2.65
1456,2,1.95
1457,2,1.85
1458,2,1.80
1459,2,1.70
1460,2,1.65
1461,2,1.65
1462,2,1.65
1463,2,1.65
1464,2,1.65
1465,2,1.65
1466,2,1.75
1467,2,1.85
1468,2,1.95
1469,2,2.10
1470,2,2.20
1471,2,2.35
1472,2,2.55
1473,2,2.75
1474,2,2.20
1475,2,2.70
1476,2,0.90
1477,2,0.90
1478,2,2.70
1479,2,0.90
1480,2,2.65
1481,2,0.90
1482,2,0.90
1483,2,0.90
1484,2,1.60
1485,2,1.75
1486,2,2.50
1487,2,2.50
1488,2,2.50
1489,2,2.50
1490,2,2.55
1491,2,2.55
1492,2,2.60
1493,2,2.65
1494,2,2.70
1495,2,4.65
1496,2,2.90
1497,2,3.25
1498,2,3.35
1499,2,1.55
1500,2,1.80
1501,2,2.70
1502,2,2.85
1503,2,5.00
1504,2,3.00
1505,2,2.55
1506,2,1.90
1507,2,1.80
1508,2,1.70
1509,2,1.65
1510,2,1.60
1511,2,1.55
1512,2,1.55
1513,2,1.60
1514,2,1.60
1515,2,1.60
1516,2,1.65
1517,2,1.75
1518,2,1.90
1519,2,2.00
1520,2,2.15
1521,2,2.30
1522,2,2.50
1523,2,2.65
1524,2,2.15
1525,2,2.65
1526,2,0.90
1527,2,0.90
1528,2,2.65
1529,2,0.90
1530,2,0.90
1531,2,2.65
1532,2,0.90
1533,2,0.90
1534,2,1.50
1535,2,1.65
1536,2,2.45
1537,2,2.45
1538,2,2.45
1539,2,2.45
1540,2,2.45
1541,2,2.50
1542,2,2.55
1543,2,2.60
1544,2,2.65
1545,2,4.55
1546,2,2.85
1547,2,3.20
1548,2,3.30
1549,2,1.60
1550,2,1.90
1551,2,2.55
1552,2,2.70
1553,2,4.85
1554,2,2.85
1555,2,2.40
1556,2,1.70
1557,2,1.65
1558,2,1.55
1559,2,1.45
1560,2,1.40
1561,2,1.35
1562,2,1.30
1563,2,1.40
1564,2,1.40
1565,2,1.40
1566,2,1.50
1567,2,1.60
1568,2,1.75
1569,2,1.85
1570,2,1.95
1571,2,2.10
1572,2,2.35
1573,2,2.50
1574,2,1.95
1575,2,2.50
1576,2,1.70
1577,2,1.40
1578,2,2.45
1579,2,0.90
1580,2,0.90
1581,2,0.90
1582,2,2.65
1583,2,0.90
1584,2,1.20
1585,2,1.50
1586,2,2.25
1587,2,2.25
1588,2,2.25
1589,2,2.25
1590,2,2.30
1591,2,2.30
1592,2,2.40
1593,2,2.40
1594,2,2.45
1595,2,4.40
1596,2,2.70
1597,2,3.05
1598,2,3.15
1599,2,1.75
1600,2,2.05
1601,2,2.40
1602,2,2.50
1603,2,4.65
1604,2,2.65
1605,2,2.25
1606,2,1.55
1607,2,1.45
1608,2,1.35
1609,2,1.20
1610,2,1.15
1611,2,1.05
1612,2,0.90
1613,2,1.10
1614,2,1.10
1615,2,1.10
1616,2,1.25
1617,2,1.40
1618,2,1.55
1619,2,1.65
1620,2,1.80
1621,2,1.95
1622,2,2.15
1623,2,2.30
1624,2,1.80
1625,2,2.30
1626,2,1.85
1627,2,1.65
1628,2,2.30
1629,2,0.90
1630,2,0.90
1631,2,0.90
1632,2,0.90
1633,2,2.65
1634,2,0.90
1635,2,1.20
1636,2,2.10
1637,2,2.10
1638,2,2.10
1639,2,2.10
1640,2,2.10
1641,2,2.15
1642,2,2.20
1643,2,2.25
1644,2,2.30
1645,2,4.20
1646,2,2.50
1647,2,2.85
1648,2,2.95
1649,2,1.95
1650,2,2.25
1651,2,2.10
1652,2,2.25
1653,2,4.40
1654,2,2.40
1655,2,2.00
1656,2,1.25
1657,2,1.10
1658,2,0.95
1659,2,0.90
1660,2,0.90
1661,2,0.90
1662,2,0.90
1663,2,0.90
1664,2,0.90
1665,2,0.90
1666,2,0.90
1667,2,1.05
1668,2,1.25
1669,2,1.40
1670,2,1.55
1671,2,1.70
1672,2,1.95
1673,2,2.10
1674,2,1.55
1675,2,2.10
1676,2,2.10
1677,2,1.85
1678,2,2.05
1679,2,1.80
1680,2,1.60
1681,2,1.50
1682,2,1.20
1683,2,0.90
1684,2,2.65
1685,2,0.90
1686,2,1.80
1687,2,1.80
1688,2,1.80
1689,2,1.80
1690,2,1.85
1691,2,1.90
1692,2,1.95
1693,2,2.00
1694,2,2.05
1695,2,3.85
1696,2,2.30
1697,2,2.60
1698,2,2.75
1699,2,2.20
1700,2,2.50
1701,2,2.00
1702,2,2.10
1703,2,4.25
1704,2,2.25
1705,2,2.00
1706,2,1.40
1707,2,1.25
1708,2,1.10
1709,2,0.95
1710,2,0.90
1711,2,0.90
1712,2,0.90
1713,2,0.90
1714,2,0.90
1715,2,0.90
1716,2,0.90
1717,2,1.00
1718,2,1.20
1719,2,1.40
1720,2,1.55
1721,2,1.70
1722,2,1.95
1723,2,2.10
1724,2,1.55
1725,2,2.10
1726,2,2.25
1727,2,2.00
1728,2,1.90
1729,2,1.95
1730,2,1.75
1731,2,1.65
1732,2,1.50
1733,2,1.20
1734,2,0.90
1735,2,2.65
1736,2,1.45
1737,2,1.45
1738,2,1.45
1739,2,1.45
1740,2,1.60
1741,2,1.65
1742,2,1.75
1743,2,1.80
1744,2,1.90
1745,2,3.80
1746,2,2.30
1747,2,2.60
1748,2,2.75
1749,2,2.30
1750,2,2.60
1751,2,1.80
1752,2,2.00
1753,2,4.15
1754,2,2.15
1755,2,2.75
1756,2,2.15
1757,2,2.05
1758,2,2.00
1759,2,1.90
1760,2,1.85
1761,2,1.80
1762,2,1.65
1763,2,1.55
1764,2,1.55
1765,2,1.55
1766,2,1.80
1767,2,1.95
1768,2,2.10
1769,2,2.20
1770,2,2.30
1771,2,2.45
1772,2,2.70
1773,2,2.85
1774,2,2.30
1775,2,2.85
1776,2,3.00
1777,2,2.75
1778,2,1.65
1779,2,2.70
1780,2,2.50
1781,2,2.45
1782,2,2.25
1783,2,2.10
1784,2,1.80
1785,2,1.45
1786,2,2.65
1787,2,0.90
1788,2,0.90
1789,2,0.90
1790,2,0.90
1791,2,0.90
1792,2,0.90
1793,2,0.90
1794,2,1.50
1795,2,4.70
1796,2,3.05
1797,2,3.35
1798,2,3.50
1799,2,3.10
1800,2,3.40
1801,2,1.80
1802,2,2.00
1803,2,4.15
1804,2,2.15
1805,2,2.75
1806,2,2.15
1807,2,2.05
1808,2,2.00
1809,2,1.90
1810,2,1.85
1811,2,1.80
1812,2,1.65
1813,2,1.55
1814,2,1.55
1815,2,1.55
1816,2,1.80
1817,2,1.95
1818,2,2.10
1819,2,2.20
1820,2,2.30
1821,2,2.45
1822,2,2.70
1823,2,2.85
1824,2,2.30
1825,2,2.85
1826,2,3.00
1827,2,2.75
1828,2,1.65
1829,2,2.70
1830,2,2.50
1831,2,2.45
1832,2,2.25
1833,2,2.10
1834,2,1.80
1835,2,1.45
1836,2,0.90
1837,2,2.65
1838,2,0.90
1839,2,0.90
1840,2,0.90
1841,2,0.90
1842,2,0.90
1843,2,0.90
1844,2,1.50
1845,2,4.70
1846,2,3.05
1847,2,3.35
1848,2,3.50
1849,2,3.10
1850,2,3.40
1851,2,1.80
1852,2,2.00
1853,2,4.15
1854,2,2.15
1855,2,2.75
1856,2,2.15
1857,2,2.05
1858,2,2.00
1859,2,1.90
1860,2,1.85
1861,2,1.80
1862,2,1.65
1863,2,1.55
1864,2,1.55
1865,2,1.55
1866,2,1.80
1867,2,1.95
1868,2,2.10
1869,2,2.20
1870,2,2.30
1871,2,2.45
1872,2,2.70
1873,2,2.85
1874,2,2.30
1875,2,2.85
1876,2,3.00
1877,2,2.75
1878,2,1.65
1879,2,2.70
1880,2,2.50
1881,2,2.45
1882,2,2.25
1883,2,2.10
1884,2,1.80
1885,2,1.45
1886,2,0.90
1887,2,0.90
1888,2,2.65
1889,2,0.90
1890,2,0.90
1891,2,0.90
1892,2,0.90
1893,2,0.90
1894,2,1.50
1895,2,4.70
1896,2,3.05
1897,2,3.35
1898,2,3.50
1899,2,3.10
1900,2,3.40
1901,2,1.80
1902,2,2.00
1903,2,4.15
1904,2,2.15
1905,2,2.75
1906,2,2.15
1907,2,2.05
1908,2,2.00
1909,2,1.90
1910,2,1.85
1911,2,1.80
1912,2,1.65
1913,2,1.55
1914,2,1.55
1915,2,1.55
1916,2,1.80
1917,2,1.95
1918,2,2.10
1919,2,2.20
1920,2,2.30
1921,2,2.45
1922,2,2.70
1923,2,2.85
1924,2,2.30
1925,2,2.85
1926,2,3.00
1927,2,2.75
1928,2,1.65
1929,2,2.70
1930,2,2.50
1931,2,2.45
1932,2,2.25
1933,2,2.10
1934,2,1.80
1935,2,1.45
1936,2,0.90
1937,2,0.90
1938,2,0.90
1939,2,2.65
1940,2,0.90
1941,2,0.90
1942,2,0.90
1943,2,0.90
1944,2,1.50
1945,2,4.70
1946,2,3.05
1947,2,3.35
1948,2,3.50
1949,2,3.10
1950,2,3.40
1951,2,1.70
1952,2,1.90
1953,2,4.10
1954,2,2.10
1955,2,2.80
1956,2,2.20
1957,2,2.10
1958,2,2.00
1959,2,1.95
1960,2,1.90
1961,2,1.85
1962,2,1.75
1963,2,1.65
1964,2,1.65
1965,2,1.65
1966,2,1.85
1967,2,2.00
1968,2,2.10
1969,2,2.25
1970,2,2.35
1971,2,2.50
1972,2,2.70
1973,2,2.85
1974,2,2.35
1975,2,2.85
1976,2,3.05
1977,2,2.80
1978,2,1.60
1979,2,2.70
1980,2,2.55
1981,2,2.45
1982,2,2.30
1983,2,2.10
1984,2,1.85
1985,2,1.60
1986,2,0.90
1987,2,0.90
1988,2,0.90
1989,2,0.90
1990,2,2.65
1991,2,0.90
1992,2,0.90
1993,2,0.90
1994,2,1.40
1995,2,4.80
1996,2,3.05
1997,2,3.40
1998,2,3.50
1999,2,3.15
2000,2,3.45
2001,2,1.65
2002,2,1.85
2003,2,4.05
2004,2,2.10
2005,2,2.80
2006,2,2.20
2007,2,2.10
2008,2,2.05
2009,2,1.95
2010,2,1.95
2011,2,1.85
2012,2,1.80
2013,2,1.70
2014,2,1.70
2015,2,1.70
2016,2,1.90
2017,2,2.00
2018,2,2.15
2019,2,2.25
2020,2,2.40
2021,2,2.50
2022,2,2.75
2023,2,2.90
2024,2,2.40
2025,2,2.90
2026,2,3.05
2027,2,2.85
2028,2,1.55
2029,2,2.75
2030,2,2.55
2031,2,2.50
2032,2,2.30
2033,2,2.15
2034,2,1.90
2035,2,1.65
2036,2,0.90
2037,2,0.90
2038,2,0.90
2039,2,0.90
2040,2,0.90
2041,2,2.65
2042,2,0.90
2043,2,0.90
2044,2,1.40
2045,2,4.80
2046,2,3.10
2047,2,3.45
2048,2,3.55
2049,2,3.15
2050,2,3.45
2051,2,1.55
2052,2,1.75
2053,2,3.95
2054,2,2.00
2055,2,2.90
2056,2,2.25
2057,2,2.15
2058,2,2.10
2059,2,2.00
2060,2,2.00
2061,2,1.95
2062,2,1.90
2063,2,1.80
2064,2,1.80
2065,2,1.80
2066,2,1.95
2067,2,2.05
2068,2,2.20
2069,2,2.30
2070,2,2.45
2071,2,2.60
2072,2,2.80
2073,2,2.95
2074,2,2.45
2075,2,2.95
2076,2,3.15
2077,2,2.90
2078,2,1.50
2079,2,2.80
2080,2,2.60
2081,2,2.55
2082,2,2.40
2083,2,2.20
2084,2,1.95
2085,2,1.75
2086,2,0.90
2087,2,0.90
2088,2,0.90
2089,2,0.90
2090,2,0.90
2091,2,0.90
2092,2,2.65
2093,2,0.90
2094,2,1.40
2095,2,4.85
2096,2,3.15
2097,2,3.50
2098,2,3.60
2099,2,3.20
2100,2,3.50
2101,2,1.50
2102,2,1.70
2103,2,3.90
2104,2,1.90
2105,2,2.90
2106,2,2.30
2107,2,2.20
2108,2,2.15
2109,2,2.05
2110,2,2.00
2111,2,2.00
2112,2,1.95
2113,2,1.90
2114,2,1.90
2115,2,1.90
2116,2,2.00
2117,2,2.10
2118,2,2.25
2119,2,2.35
2120,2,2.45
2121,2,2.60
2122,2,2.85
2123,2,3.00
2124,2,2.45
2125,2,3.00
2126,2,3.20
2127,2,2.95
2128,2,1.50
2129,2,2.85
2130,2,2.65
2131,2,2.60
2132,2,2.40
2133,2,2.25
2134,2,2.00
2135,2,1.80
2136,2,0.90
2137,2,0.90
2138,2,0.90
2139,2,0.90
2140,2,0.90
2141,2,0.90
2142,2,0.90
2143,2,2.65
2144,2,1.40
2145,2,4.90
2146,2,3.20
2147,2,3.55
2148,2,3.65
2149,2,3.25
2150,2,3.55
2151,2,1.50
2152,2,1.50
2153,2,3.80
2154,2,1.80
2155,2,3.00
2156,2,2.40
2157,2,2.25
2158,2,2.20
2159,2,2.10
2160,2,2.10
2161,2,2.05
2162,2,2.00
2163,2,1.95
2164,2,1.95
2165,2,1.95
2166,2,2.10
2167,2,2.15
2168,2,2.30
2169,2,2.40
2170,2,2.55
2171,2,2.70
2172,2,2.90
2173,2,3.05
2174,2,2.55
2175,2,3.05
2176,2,3.25
2177,2,3.00
2178,2,1.50
2179,2,2.90
2180,2,2.70
2181,2,2.65
2182,2,2.45
2183,2,2.30
2184,2,2.05
2185,2,1.90
2186,2,1.50
2187,2,1.50
2188,2,1.50
2189,2,1.50
2190,2,1.40
2191,2,1.40
2192,2,1.40
2193,2,1.40
2194,2,2.65
2195,2,4.95
2196,2,3.25
2197,2,3.60
2198,2,3.70
2199,2,3.30
2200,2,3.60
2201,2,5.05
2202,2,5.15
2203,2,7.30
2204,2,5.30
2205,2,4.55
2206,2,4.35
2207,2,4.25
2208,2,4.20
2209,2,4.05
2210,2,4.00
2211,2,3.90
2212,2,3.80
2213,2,3.70
2214,2,3.70
2215,2,3.70
2216,2,3.70
2217,2,2.75
2218,2,3.70
2219,2,3.70
2220,2,3.95
2221,2,4.20
2222,2,4.50
2223,2,4.65
2224,2,3.95
2225,2,4.60
2226,2,5.15
2227,2,4.90
2228,2,4.95
2229,2,4.80
2230,2,4.65
2231,2,4.55
2232,2,4.40
2233,2,4.20
2234,2,3.85
2235,2,3.80
2236,2,4.70
2237,2,4.70
2238,2,4.70
2239,2,4.70
2240,2,4.80
2241,2,4.80
2242,2,4.85
2243,2,4.90
2244,2,4.95
2245,2,2.65
2246,2,4.85
2247,2,5.15
2248,2,5.30
2249,2,5.25
2250,2,5.55
2251,2,3.35
2252,2,3.45
2253,2,5.60
2254,2,3.60
2255,2,2.35
2256,2,2.65
2257,2,2.55
2258,2,2.50
2259,2,2.40
2260,2,2.40
2261,2,2.35
2262,2,2.30
2263,2,2.25
2264,2,2.25
2265,2,2.25
2266,2,2.10
2267,2,2.00
2268,2,1.90
2269,2,1.80
2270,2,1.65
2271,2,0.90
2272,2,0.90
2273,2,0.90
2274,2,1.90
2275,2,2.45
2276,2,3.45
2277,2,3.20
2278,2,3.25
2279,2,3.15
2280,2,2.90
2281,2,2.85
2282,2,2.70
2283,2,2.50
2284,2,2.30
2285,2,2.30
2286,2,3.05
2287,2,3.05
2288,2,3.05
2289,2,3.05
2290,2,3.05
2291,2,3.10
2292,2,3.15
2293,2,3.20
2294,2,3.25
2295,2,4.85
2296,2,2.65
2297,2,1.10
2298,2,1.25
2299,2,3.50
2300,2,3.80
2301,2,3.65
2302,2,3.80
2303,2,5.95
2304,2,3.95
2305,2,2.70
2306,2,3.00
2307,2,2.90
2308,2,2.85
2309,2,2.75
2310,2,2.70
2311,2,2.70
2312,2,2.60
2313,2,2.55
2314,2,2.55
2315,2,2.55
2316,2,2.45
2317,2,2.35
2318,2,2.25
2319,2,2.10
2320,2,2.00
2321,2,1.85
2322,2,1.65
2323,2,1.40
2324,2,2.25
2325,2,2.75
2326,2,3.80
2327,2,3.55
2328,2,3.60
2329,2,3.45
2330,2,3.25
2331,2,3.20
2332,2,3.05
2333,2,2.85
2334,2,2.60
2335,2,2.60
2336,2,3.35
2337,2,3.35
2338,2,3.35
2339,2,3.35
2340,2,3.40
2341,2,3.45
2342,2,3.50
2343,2,3.55
2344,2,3.60
2345,2,5.15
2346,2,1.10
2347,2,2.65
2348,2,0.90
2349,2,3.85
2350,2,4.15
2351,2,3.80
2352,2,3.90
2353,2,6.05
2354,2,4.05
2355,2,2.80
2356,2,3.10
2357,2,3.00
2358,2,2.95
2359,2,2.85
2360,2,2.85
2361,2,2.80
2362,2,2.75
2363,2,2.70
2364,2,2.70
2365,2,2.70
2366,2,2.55
2367,2,2.45
2368,2,2.35
2369,2,2.25
2370,2,2.10
2371,2,1.95
2372,2,1.75
2373,2,1.55
2374,2,2.35
2375,2,2.85
2376,2,3.90
2377,2,3.65
2378,2,3.70
2379,2,3.60
2380,2,3.35
2381,2,3.30
2382,2,3.15
2383,2,2.95
2384,2,2.75
2385,2,2.75
2386,2,3.50
2387,2,3.50
2388,2,3.50
2389,2,3.50
2390,2,3.50
2391,2,3.55
2392,2,3.60
2393,2,3.65
2394,2,3.70
2395,2,5.30
2396,2,1.25
2397,2,0.90
2398,2,2.65
2399,2,3.95
2400,2,4.25
2401,2,3.40
2402,2,3.50
2403,2,5.65
2404,2,3.65
2405,2,3.25
2406,2,2.55
2407,2,2.45
2408,2,2.40
2409,2,2.30
2410,2,2.25
2411,2,2.25
2412,2,2.25
2413,2,2.25
2414,2,2.25
2415,2,2.25
2416,2,2.35
2417,2,2.45
2418,2,2.55
2419,2,2.70
2420,2,2.80
2421,2,2.95
2422,2,3.15
2423,2,3.35
2424,2,2.80
2425,2,3.30
2426,2,0.90
2427,2,0.90
2428,2,3.30
2429,2,0.90
2430,2,1.55
2431,2,1.60
2432,2,1.75
2433,2,1.95
2434,2,2.20
2435,2,2.30
2436,2,3.10
2437,2,3.10
2438,2,3.10
2439,2,3.10
2440,2,3.15
2441,2,3.15
2442,2,3.20
2443,2,3.25
2444,2,3.30
2445,2,5.25
2446,2,3.50
2447,2,3.85
2448,2,3.95
2449,2,2.65
2450,2,0.90
2451,2,3.70
2452,2,3.80
2453,2,5.95
2454,2,3.95
2455,2,3.55
2456,2,2.85
2457,2,2.75
2458,2,2.70
2459,2,2.60
2460,2,2.55
2461,2,2.55
2462,2,2.55
2463,2,2.55
2464,2,2.55
2465,2,2.55
2466,2,2.65
2467,2,2.70
2468,2,2.85
2469,2,2.95
2470,2,3.10
2471,2,3.25
2472,2,3.45
2473,2,3.60
2474,2,3.10
2475,2,3.60
2476,2,0.90
2477,2,1.55
2478,2,3.60
2479,2,1.65
2480,2,1.80
2481,2,1.90
2482,2,2.05
2483,2,2.25
2484,2,2.50
2485,2,2.60
2486,2,3.40
2487,2,3.40
2488,2,3.40
2489,2,3.40
2490,2,3.45
2491,2,3.45
2492,2,3.50
2493,2,3.55
2494,2,3.60
2495,2,5.55
2496,2,3.80
2497,2,4.15
2498,2,4.25
2499,2,0.90
2500,2,2.65
1,16,3.55
2,16,2.00
3,16,4.75
4,16,2.00
5,16,4.10
6,16,3.30
7,16,3.15
8,16,3.05
9,16,2.95
10,16,2.90
11,16,2.85
12,16,2.75
13,16,2.70
14,16,2.70
15,16,2.70
16,16,2.90
17,16,3.00
18,16,3.15
19,16,3.30
20,16,3.50
21,16,3.70
22,16,4.00
23,16,4.20
24,16,3.50
25,16,4.20
26,16,4.45
27,16,4.10
28,16,2.00
29,16,4.00
30,16,3.75
31,16,3.65
32,16,3.40
33,16,3.20
34,16,2.85
35,16,2.65
36,16,2.40
37,16,2.40
38,16,2.40
39,16,2.40
40,16,2.30
41,16,2.25
42,16,2.10
43,16,2.00
44,16,2.00
45,16,6.75
46,16,4.45
47,16,4.90
48,16,5.05
49,16,4.55
50,16,4.95
51,16,2.00
52,16,3.55
53,16,4.75
54,16,2.00
55,16,4.25
56,16,3.45
57,16,3.30
58,16,3.20
59,16,3.10
60,16,3.05
61,16,3.00
62,16,2.90
63,16,2.85
64,16,2.85
65,16,2.85
66,16,3.05
67,16,3.15
68,16,3.35
69,16,3.50
70,16,3.65
71,16,3.85
72,16,4.15
73,16,4.35
74,16,3.65
75,16,4.35
76,16,4.60
77,16,4.30
78,16,2.00
79,16,4.15
80,16,3.90
81,16,3.80
82,16,3.60
83,16,3.35
84,16,3.00
85,16,2.80
86,16,2.65
87,16,2.65
88,16,2.65
89,16,2.65
90,16,2.55
91,16,2.50
92,16,2.35
93,16,2.25
94,16,2.00
95,16,6.90
96,16,4.60
97,16,5.05
98,16,5.20
99,16,4.70
100,16,5.10
101,16,4.75
102,16,4.75
103,16,3.55
104,16,2.75
105,16,7.10
106,16,6.30
107,16,6.20
108,16,6.10
109,16,5.95
110,16,5.95
111,16,5.85
112,16,5.80
113,16,5.75
114,16,5.75
115,16,5.75
116,16,5.90
117,16,6.05
118,16,6.20
119,16,6.35
120,16,6.55
121,16,6.70
122,16,7.00
123,16,7.25
124,16,6.55
125,16,7.20
126,16,7.45
127,16,7.15
128,16,4.95
129,16,7.05
130,16,6.75
131,16,6.70
132,16,6.45
133,16,6.20
134,16,5.90
135,16,5.70
136,16,5.55
137,16,5.55
138,16,5.55
139,16,5.55
140,16,5.50
141,16,5.45
142,16,5.30
143,16,5.20
144,16,5.05
145,16,9.75
146,16,7.50
147,16,7.95
148,16,8.10
149,16,7.55
150,16,7.95
151,16,2.00
152,16,2.00
153,16,2.75
154,16,3.55
155,16,4.45
156,16,3.65
157,16,3.50
158,16,3.40
159,16,3.30
160,16,3.25
161,16,3.20
162,16,3.15
163,16,3.05
164,16,3.05
165,16,3.05
166,16,3.25
167,16,3.35
168,16,3.55
169,16,3.70
170,16,3.85
171,16,4.05
172,16,4.35
173,16,4.55
174,16,3.85
175,16,4.55
176,16,4.80
177,16,4.50
178,16,2.30
179,16,4.35
180,16,4.10
181,16,4.00
182,16,3.80
183,16,3.55
184,16,3.20
185,16,3.00
186,16,2.90
187,16,2.90
188,16,2.90
189,16,2.90
190,16,2.85
191,16,2.80
192,16,2.65
193,16,2.55
194,16,2.45
195,16,7.10
196,16,4.80
197,16,5.25
198,16,5.40
199,16,4.90
200,16,5.30
201,16,4.10
202,16,4.25
203,16,7.10
204,16,4.45
205,16,3.55
206,16,3.20
207,16,3.05
208,16,2.95
209,16,2.85
210,16,2.80
211,16,2.75
212,16,2.65
213,16,2.60
214,16,2.60
215,16,2.60
216,16,2.45
217,16,2.35
218,16,2.15
219,16,1.20
220,16,2.20
221,16,2.35
222,16,2.65
223,16,2.90
224,16,1.20
225,16,1.20
226,16,4.25
227,16,3.90
228,16,3.95
229,16,3.80
230,16,3.55
231,16,3.45
232,16,3.25
233,16,3.00
234,16,2.65
235,16,2.70
236,16,3.70
237,16,3.70
238,16,3.70
239,16,3.70
240,16,3.75
241,16,3.75
242,16,3.85
243,16,3.90
244,16,4.00
245,16,6.05
246,16,3.15
247,16,3.60
248,16,3.75
249,16,4.35
250,16,4.75
251,16,3.30
252,16,3.45
253,16,6.30
254,16,3.65
255,16,3.20
256,16,3.55
257,16,1.20
258,16,1.20
259,16,1.20
260,16,1.20
261,16,1.20
262,16,1.65
263,16,1.75
264,16,1.75
265,16,1.75
266,16,1.95
267,16,2.10
268,16,2.30
269,16,2.45
270,16,2.60
271,16,2.80
272,16,3.10
273,16,3.30
274,16,2.60
275,16,3.30
276,16,3.30
277,16,3.00
278,16,3.15
279,16,2.90
280,16,2.65
281,16,2.55
282,16,2.30
283,16,2.05
284,16,1.65
285,16,1.85
286,16,2.90
287,16,2.90
288,16,2.90
289,16,2.90
290,16,2.95
291,16,2.95
292,16,3.05
293,16,3.10
294,16,3.20
295,16,5.85
296,16,3.55
297,16,4.00
298,16,4.15
299,16,3.40
300,16,3.80
301,16,3.15
302,16,3.30
303,16,6.20
304,16,3.50
305,16,3.05
306,16,1.20
307,16,3.55
308,16,1.20
309,16,1.20
310,16,1.20
311,16,1.20
312,16,1.45
313,16,1.55
314,16,1.55
315,16,1.55
316,16,1.85
317,16,1.95
318,16,2.15
319,16,2.30
320,16,2.50
321,16,2.65
322,16,2.95
323,16,3.20
324,16,2.45
325,16,3.15
326,16,3.20
327,16,2.90
328,16,3.05
329,16,2.75
330,16,2.50
331,16,2.40
332,16,2.20
333,16,1.95
334,16,1.45
335,16,1.65
336,16,2.75
337,16,2.75
338,16,2.75
339,16,2.75
340,16,2.80
341,16,2.85
342,16,2.90
343,16,2.95
344,16,3.05
345,16,5.70
346,16,3.45
347,16,3.90
348,16,4.05
349,16,3.30
350,16,3.70
351,16,3.05
352,16,3.20
353,16,6.10
354,16,3.40
355,16,2.95
356,16,1.20
357,16,1.20
358,16,3.55
359,16,1.20
360,16,1.20
361,16,1.20
362,16,1.25
363,16,1.40
364,16,1.40
365,16,1.40
366,16,1.70
367,16,1.85
368,16,2.05
369,16,2.20
370,16,2.40
371,16,2.55
372,16,2.85
373,16,3.05
374,16,2.35
375,16,3.05
376,16,3.10
377,16,2.80
378,16,2.95
379,16,2.65
380,16,2.40
381,16,2.30
382,16,2.10
383,16,1.80
384,16,1.30
385,16,1.50
386,16,2.65
387,16,2.65
388,16,2.65
389,16,2.65
390,16,2.70
391,16,2.75
392,16,2.85
393,16,2.85
394,16,2.95
395,16,5.60
396,16,3.35
397,16,3.80
398,16,3.95
399,16,3.20
400,16,3.60
401,16,2.95
402,16,3.10
403,16,5.95
404,16,3.30
405,16,2.85
406,16,1.20
407,16,1.20
408,16,1.20
409,16,3.55
410,16,1.20
411,16,1.20
412,16,1.20
413,16,1.20
414,16,1.20
415,16,1.20
416,16,1.50
417,16,1.70
418,16,1.95
419,16,2.10
420,16,2.25
421,16,2.45
422,16,2.75
423,16,2.95
424,16,2.25
425,16,2.95
426,16,3.00
427,16,2.65
428,16,2.80
429,16,2.55
430,16,2.30
431,16,2.20
432,16,1.95
433,16,1.60
434,16,1.20
435,16,1.30
436,16,2.55
437,16,2.55
438,16,2.55
439,16,2.55
440,16,2.60
441,16,2.60
442,16,2.70
443,16,2.75
444,16,2.85
445,16,5.40
446,16,3.20
447,16,3.65
448,16,3.80
449,16,3.10
450,16,3.45
451,16,2.90
452,16,3.05
453,16,5.95
454,16,3.25
455,16,2.80
456,16,1.20
457,16,1.20
458,16,1.20
459,16,1.20
460,16,3.55
461,16,1.20
462,16,1.20
463,16,1.20
464,16,1.20
465,16,1.20
466,16,1.40
467,16,1.60
468,16,1.90
469,16,2.05
470,16,2.20
471,16,2.40
472,16,2.70
473,16,2.90
474,16,2.25
475,16,2.90
476,16,2.95
477,16,2.65
478,16,2.80
479,16,2.50
480,16,2.25
481,16,2.15
482,16,1.90
483,16,1.55
484,16,1.20
485,16,1.25
486,16,2.50
487,16,2.50
488,16,2.50
489,16,2.50
490,16,2.55
491,16,2.60
492,16,2.65
493,16,2.70
494,16,2.80
495,16,5.35
496,16,3.20
497,16,3.65
498,16,3.80
499,16,3.05
500,16,3.45
501,16,2.85
502,16,3.00
503,16,5.85
504,16,3.20
505,16,2.75
506,16,1.20
507,16,1.20
508,16,1.20
509,16,1.20
510,16,1.20
511,16,3.55
512,16,1.20
513,16,1.20
514,16,1.20
515,16,1.20
516,16,1.30
517,16,1.50
518,16,1.80
519,16,2.00
520,16,2.15
521,16,2.35
522,16,2.65
523,16,2.85
524,16,2.15
525,16,2.85
526,16,2.90
527,16,2.60
528,16,2.70
529,16,2.50
530,16,2.25
531,16,2.10
532,16,1.80
533,16,1.45
534,16,1.20
535,16,1.20
536,16,2.40
537,16,2.40
538,16,2.40
539,16,2.40
540,16,2.50
541,16,2.50
542,16,2.60
543,16,2.65
544,16,2.75
545,16,5.25
546,16,3.15
547,16,3.60
548,16,3.75
549,16,3.00
550,16,3.40
551,16,2.75
552,16,2.90
553,16,5.80
554,16,3.15
555,16,2.65
556,16,1.65
557,16,1.45
558,16,1.25
559,16,1.20
560,16,1.20
561,16,1.20
562,16,3.55
563,16,1.20
564,16,1.20
565,16,1.20
566,16,1.20
567,16,1.35
568,16,1.65
569,16,1.90
570,16,2.10
571,16,2.25
572,16,2.60
573,16,2.80
574,16,2.10
575,16,2.80
576,16,2.90
577,16,2.60
578,16,2.65
579,16,2.50
580,16,2.25
581,16,2.10
582,16,1.75
583,16,1.20
584,16,1.20
585,16,1.20
586,16,2.25
587,16,2.25
588,16,2.25
589,16,2.25
590,16,2.35
591,16,2.40
592,16,2.55
593,16,2.60
594,16,2.65
595,16,5.10
596,16,3.05
597,16,3.50
598,16,3.65
599,16,3.00
600,16,3.40
601,16,2.70
602,16,2.85
603,16,5.75
604,16,3.05
605,16,2.60
606,16,1.75
607,16,1.55
608,16,1.40
609,16,1.20
610,16,1.20
611,16,1.20
612,16,1.20
613,16,3.55
614,16,1.20
615,16,1.20
616,16,1.20
617,16,1.20
618,16,1.55
619,16,1.75
620,16,2.05
621,16,2.20
622,16,2.50
623,16,2.75
624,16,2.05
625,16,2.70
626,16,2.95
627,16,2.60
628,16,2.60
629,16,2.50
630,16,2.25
631,16,2.15
632,16,1.85
633,16,1.50
634,16,1.20
635,16,1.20
636,16,2.10
637,16,2.10
638,16,2.10
639,16,2.10
640,16,2.25
641,16,2.30
642,16,2.45
643,16,2.55
644,16,2.60
645,16,4.95
646,16,3.00
647,16,3.45
648,16,3.60
649,16,3.05
650,16,3.45
651,16,2.70
652,16,2.85
653,16,5.75
654,16,3.05
655,16,2.60
656,16,1.75
657,16,1.55
658,16,1.40
659,16,1.20
660,16,1.20
661,16,1.20
662,16,1.20
663,16,1.20
664,16,3.55
665,16,1.20
666,16,1.20
667,16,1.20
668,16,1.55
669,16,1.75
670,16,2.05
671,16,2.20
672,16,2.50
673,16,2.75
674,16,2.05
675,16,2.70
676,16,2.95
677,16,2.60
678,16,2.60
679,16,2.50
680,16,2.25
681,16,2.15
682,16,1.85
683,16,1.50
684,16,1.20
685,16,1.20
686,16,2.10
687,16,2.10
688,16,2.10
689,16,2.10
690,16,2.25
691,16,2.30
692,16,2.45
693,16,2.55
694,16,2.60
695,16,4.95
696,16,3.00
697,16,3.45
698,16,3.60
699,16,3.05
700,16,3.45
701,16,2.70
702,16,2.85
703,16,5.75
704,16,3.05
705,16,2.60
706,16,1.75
707,16,1.55
708,16,1.40
709,16,1.20
710,16,1.20
711,16,1.20
712,16,1.20
713,16,1.20
714,16,1.20
715,16,3.55
716,16,1.20
717,16,1.20
718,16,1.55
719,16,1.75
720,16,2.05
721,16,2.20
722,16,2.50
723,16,2.75
724,16,2.05
725,16,2.70
726,16,2.95
727,16,2.60
728,16,2.60
729,16,2.50
730,16,2.25
731,16,2.15
732,16,1.85
733,16,1.50
734,16,1.20
735,16,1.20
736,16,2.10
737,16,2.10
738,16,2.10
739,16,2.10
740,16,2.25
741,16,2.30
742,16,2.45
743,16,2.55
744,16,2.60
745,16,4.95
746,16,3.00
747,16,3.45
748,16,3.60
749,16,3.05
750,16,3.45
751,16,2.90
752,16,3.05
753,16,5.90
754,16,3.25
755,16,2.45
756,16,1.95
757,16,1.85
758,16,1.70
759,16,1.50
760,16,1.40
761,16,1.30
762,16,1.20
763,16,1.20
764,16,1.20
765,16,1.20
766,16,3.55
767,16,1.20
768,16,1.20
769,16,1.50
770,16,1.75
771,16,2.05
772,16,2.35
773,16,2.55
774,16,1.75
775,16,2.55
776,16,3.05
777,16,2.70
778,16,2.75
779,16,2.60
780,16,2.35
781,16,2.25
782,16,2.00
783,16,1.70
784,16,1.20
785,16,1.20
786,16,2.40
787,16,2.40
788,16,2.40
789,16,2.40
790,16,2.50
791,16,2.55
792,16,2.65
793,16,2.70
794,16,2.80
795,16,4.95
796,16,2.85
797,16,3.30
798,16,3.45
799,16,3.15
800,16,3.55
801,16,3.00
802,16,3.15
803,16,6.05
804,16,3.35
805,16,2.35
806,16,2.10
807,16,1.95
808,16,1.85
809,16,1.70
810,16,1.60
811,16,1.50
812,16,1.35
813,16,1.20
814,16,1.20
815,16,1.20
816,16,1.20
817,16,3.55
818,16,1.20
819,16,1.20
820,16,1.55
821,16,1.85
822,16,2.25
823,16,2.45
824,16,1.55
825,16,2.45
826,16,3.15
827,16,2.85
828,16,2.90
829,16,2.70
830,16,2.45
831,16,2.35
832,16,2.15
833,16,1.90
834,16,1.40
835,16,1.35
836,16,2.60
837,16,2.60
838,16,2.60
839,16,2.60
840,16,2.65
841,16,2.70
842,16,2.75
843,16,2.80
844,16,2.90
845,16,3.70
846,16,2.70
847,16,3.15
848,16,3.30
849,16,3.25
850,16,3.65
851,16,3.15
852,16,3.35
853,16,6.20
854,16,3.55
855,16,2.15
856,16,2.30
857,16,2.15
858,16,2.05
859,16,1.95
860,16,1.90
861,16,1.80
862,16,1.65
863,16,1.55
864,16,1.55
865,16,1.55
866,16,1.20
867,16,1.20
868,16,3.55
869,16,1.20
870,16,1.20
871,16,1.55
872,16,2.00
873,16,2.25
874,16,1.20
875,16,2.25
876,16,3.35
877,16,3.00
878,16,3.05
879,16,2.90
880,16,2.65
881,16,2.55
882,16,2.35
883,16,2.10
884,16,1.70
885,16,1.65
886,16,2.80
887,16,2.80
888,16,2.80
889,16,2.80
890,16,2.85
891,16,2.85
892,16,2.95
893,16,3.00
894,16,3.05
895,16,4.95
896,16,2.55
897,16,3.00
898,16,3.15
899,16,3.45
900,16,3.85
901,16,3.30
902,16,3.50
903,16,6.35
904,16,3.70
905,16,1.20
906,16,2.45
907,16,2.30
908,16,2.20
909,16,2.10
910,16,2.05
911,16,2.00
912,16,1.90
913,16,1.75
914,16,1.75
915,16,1.75
916,16,1.50
917,16,1.20
918,16,1.20
919,16,3.55
920,16,1.20
921,16,1.20
922,16,1.20
923,16,1.20
924,16,1.20
925,16,1.20
926,16,3.50
927,16,3.15
928,16,3.20
929,16,3.05
930,16,2.80
931,16,2.70
932,16,2.45
933,16,2.25
934,16,1.90
935,16,1.85
936,16,2.95
937,16,2.95
938,16,2.95
939,16,2.95
940,16,3.00
941,16,3.00
942,16,3.10
943,16,3.15
944,16,3.20
945,16,4.95
946,16,2.40
947,16,2.85
948,16,3.00
949,16,3.60
950,16,3.95
951,16,3.50
952,16,3.65
953,16,6.55
954,16,3.85
955,16,2.20
956,16,2.60
957,16,2.50
958,16,2.40
959,16,2.25
960,16,2.20
961,16,2.15
962,16,2.10
963,16,2.05
964,16,2.05
965,16,2.05
966,16,1.75
967,16,1.55
968,16,1.20
969,16,1.20
970,16,3.55
971,16,1.20
972,16,1.20
973,16,1.20
974,16,1.20
975,16,2.30
976,16,3.65
977,16,3.35
978,16,3.40
979,16,3.20
980,16,2.95
981,16,2.85
982,16,2.65
983,16,2.40
984,16,2.10
985,16,2.10
986,16,3.10
987,16,3.10
988,16,3.10
989,16,3.10
990,16,3.15
991,16,3.20
992,16,3.25
993,16,3.30
994,16,3.40
995,16,5.30
996,16,2.20
997,16,2.65
998,16,2.80
999,16,3.75
1000,16,4.15
1001,16,3.70
1002,16,3.85
1003,16,6.70
1004,16,4.05
1005,16,2.35
1006,16,2.80
1007,16,2.65
1008,16,2.55
1009,16,2.45
1010,16,2.40
1011,16,2.35
1012,16,2.25
1013,16,2.20
1014,16,2.20
1015,16,2.20
1016,16,2.05
1017,16,1.85
1018,16,1.55
1019,16,1.20
1020,16,1.20
1021,16,3.55
1022,16,1.20
1023,16,1.20
1024,16,1.60
1025,16,2.45
1026,16,3.85
1027,16,3.50
1028,16,3.55
1029,16,3.40
1030,16,3.15
1031,16,3.05
1032,16,2.85
1033,16,2.60
1034,16,2.25
1035,16,2.30
1036,16,3.30
1037,16,3.30
1038,16,3.30
1039,16,3.30
1040,16,3.35
1041,16,3.35
1042,16,3.45
1043,16,3.50
1044,16,3.60
1045,16,5.60
1046,16,1.20
1047,16,2.50
1048,16,2.65
1049,16,3.95
1050,16,4.35
1051,16,4.00
1052,16,4.15
1053,16,7.00
1054,16,4.35
1055,16,2.65
1056,16,3.10
1057,16,2.95
1058,16,2.85
1059,16,2.75
1060,16,2.70
1061,16,2.65
1062,16,2.60
1063,16,2.50
1064,16,2.50
1065,16,2.50
1066,16,2.35
1067,16,2.25
1068,16,2.00
1069,16,1.20
1070,16,1.20
1071,16,1.20
1072,16,3.55
1073,16,1.20
1074,16,2.05
1075,16,2.75
1076,16,4.15
1077,16,3.80
1078,16,3.85
1079,16,3.70
1080,16,3.45
1081,16,3.35
1082,16,3.15
1083,16,2.90
1084,16,2.60
1085,16,2.60
1086,16,3.60
1087,16,3.60
1088,16,3.60
1089,16,3.60
1090,16,3.65
1091,16,3.65
1092,16,3.75
1093,16,3.80
1094,16,3.90
1095,16,6.00
1096,16,1.20
1097,16,2.20
1098,16,2.35
1099,16,4.25
1100,16,4.65
1101,16,4.20
1102,16,4.35
1103,16,7.25
1104,16,4.55
1105,16,2.90
1106,16,3.30
1107,16,3.20
1108,16,3.05
1109,16,2.95
1110,16,2.90
1111,16,2.85
1112,16,2.80
1113,16,2.75
1114,16,2.75
1115,16,2.75
1116,16,2.55
1117,16,2.45
1118,16,2.25
1119,16,1.20
1120,16,1.20
1121,16,1.20
1122,16,1.20
1123,16,3.55
1124,16,2.30
1125,16,3.00
1126,16,4.35
1127,16,4.05
1128,16,4.10
1129,16,3.90
1130,16,3.65
1131,16,3.55
1132,16,3.35
1133,16,3.10
1134,16,2.80
1135,16,2.80
1136,16,3.80
1137,16,3.80
1138,16,3.80
1139,16,3.80
1140,16,3.85
1141,16,3.90
1142,16,3.95
1143,16,4.00
1144,16,4.10
1145,16,6.20
1146,16,1.20
1147,16,1.90
1148,16,2.10
1149,16,4.45
1150,16,4.85
1151,16,3.50
1152,16,3.65
1153,16,6.55
1154,16,3.85
1155,16,1.20
1156,16,2.60
1157,16,2.45
1158,16,2.35
1159,16,2.25
1160,16,2.25
1161,16,2.15
1162,16,2.10
1163,16,2.05
1164,16,2.05
1165,16,2.05
1166,16,1.75
1167,16,1.55
1168,16,1.20
1169,16,1.20
1170,16,1.20
1171,16,1.60
1172,16,2.05
1173,16,2.30
1174,16,3.55
1175,16,1.20
1176,16,3.65
1177,16,3.35
1178,16,3.40
1179,16,3.20
1180,16,2.95
1181,16,2.85
1182,16,2.65
1183,16,2.40
1184,16,2.10
1185,16,2.10
1186,16,3.10
1187,16,3.10
1188,16,3.10
1189,16,3.10
1190,16,3.15
1191,16,3.20
1192,16,3.30
1193,16,3.30
1194,16,3.40
1195,16,5.30
1196,16,2.55
1197,16,3.00
1198,16,3.15
1199,16,3.75
1200,16,4.15
1201,16,4.20
1202,16,4.35
1203,16,7.20
1204,16,4.55
1205,16,1.20
1206,16,3.30
1207,16,3.15
1208,16,3.05
1209,16,2.95
1210,16,2.90
1211,16,2.85
1212,16,2.80
1213,16,2.70
1214,16,2.70
1215,16,2.70
1216,16,2.55
1217,16,2.45
1218,16,2.25
1219,16,1.20
1220,16,2.30
1221,16,2.45
1222,16,2.75
1223,16,3.00
1224,16,1.20
1225,16,3.55
1226,16,4.35
1227,16,4.00
1228,16,4.05
1229,16,3.90
1230,16,3.65
1231,16,3.55
1232,16,3.35
1233,16,3.10
1234,16,2.80
1235,16,2.80
1236,16,3.80
1237,16,3.80
1238,16,3.80
1239,16,3.80
1240,16,3.85
1241,16,3.85
1242,16,3.95
1243,16,4.00
1244,16,4.10
1245,16,6.15
1246,16,3.25
1247,16,3.70
1248,16,3.85
1249,16,4.45
1250,16,4.85
1251,16,4.45
1252,16,4.60
1253,16,7.45
1254,16,4.80
1255,16,4.25
1256,16,3.30
1257,16,3.20
1258,16,3.10
1259,16,3.00
1260,16,2.95
1261,16,2.90
1262,16,2.90
1263,16,2.95
1264,16,2.95
1265,16,2.95
1266,16,3.05
1267,16,3.15
1268,16,3.35
1269,16,3.50
1270,16,3.65
1271,16,3.85
1272,16,4.15
1273,16,4.35
1274,16,3.65
1275,16,4.35
1276,16,3.55
1277,16,1.20
1278,16,4.30
1279,16,1.20
1280,16,1.20
1281,16,1.20
1282,16,2.25
1283,16,2.50
1284,16,2.85
1285,16,3.05
1286,16,4.05
1287,16,4.05
1288,16,4.05
1289,16,4.05
1290,16,4.10
1291,16,4.10
1292,16,4.20
1293,16,4.25
1294,16,4.35
1295,16,6.90
1296,16,4.60
1297,16,5.05
1298,16,5.20
1299,16,1.20
1300,16,1.20
1301,16,4.10
1302,16,4.30
1303,16,7.15
1304,16,4.50
1305,16,3.90
1306,16,3.00
1307,16,2.90
1308,16,2.80
1309,16,2.65
1310,16,2.65
1311,16,2.60
1312,16,2.60
1313,16,2.60
1314,16,2.60
1315,16,2.60
1316,16,2.70
1317,16,2.85
1318,16,3.00
1319,16,3.15
1320,16,3.35
1321,16,3.50
1322,16,3.80
1323,16,4.05
1324,16,3.35
1325,16,4.00
1326,16,1.20
1327,16,3.55
1328,16,4.00
1329,16,1.20
1330,16,1.20
1331,16,1.20
1332,16,1.85
1333,16,2.20
1334,16,2.50
1335,16,2.70
1336,16,3.70
1337,16,3.70
1338,16,3.70
1339,16,3.70
1340,16,3.75
1341,16,3.80
1342,16,3.90
1343,16,3.95
1344,16,4.00
1345,16,6.55
1346,16,4.30
1347,16,4.75
1348,16,4.90
1349,16,1.20
1350,16,2.10
1351,16,2.00
1352,16,2.00
1353,16,4.95
1354,16,2.30
1355,16,3.95
1356,16,3.15
1357,16,3.05
1358,16,2.95
1359,16,2.80
1360,16,2.80
1361,16,2.70
1362,16,2.65
1363,16,2.60
1364,16,2.60
1365,16,2.60
1366,16,2.75
1367,16,2.90
1368,16,3.05
1369,16,3.20
1370,16,3.40
1371,16,3.55
1372,16,3.85
1373,16,4.10
1374,16,3.40
1375,16,4.05
1376,16,4.30
1377,16,4.00
1378,16,3.55
1379,16,3.90
1380,16,3.60
1381,16,3.55
1382,16,3.30
1383,16,3.05
1384,16,2.75
1385,16,2.55
1386,16,2.25
1387,16,2.25
1388,16,2.25
1389,16,2.25
1390,16,2.15
1391,16,2.05
1392,16,2.00
1393,16,2.00
1394,16,2.00
1395,16,6.60
1396,16,4.35
1397,16,4.80
1398,16,4.95
1399,16,4.40
1400,16,4.80
1401,16,4.00
1402,16,4.15
1403,16,7.05
1404,16,4.35
1405,16,3.80
1406,16,2.90
1407,16,2.75
1408,16,2.65
1409,16,2.55
1410,16,2.50
1411,16,2.50
1412,16,2.50
1413,16,2.50
1414,16,2.50
1415,16,2.50
1416,16,2.60
1417,16,2.70
1418,16,2.90
1419,16,3.05
1420,16,3.20
1421,16,3.40
1422,16,3.70
1423,16,3.90
1424,16,3.20
1425,16,3.90
1426,16,1.20
1427,16,1.20
1428,16,3.90
1429,16,3.55
1430,16,1.20
1431,16,1.20
1432,16,1.20
1433,16,1.20
1434,16,2.40
1435,16,2.60
1436,16,3.60
1437,16,3.60
1438,16,3.60
1439,16,3.60
1440,16,3.65
1441,16,3.70
1442,16,3.75
1443,16,3.80
1444,16,3.90
1445,16,6.45
1446,16,4.20
1447,16,4.60
1448,16,4.80
1449,16,1.20
1450,16,2.20
1451,16,3.75
1452,16,3.90
1453,16,6.75
1454,16,4.10
1455,16,3.55
1456,16,2.65
1457,16,2.50
1458,16,2.40
1459,16,2.30
1460,16,2.25
1461,16,2.25
1462,16,2.25
1463,16,2.25
1464,16,2.25
1465,16,2.25
1466,16,2.35
1467,16,2.45
1468,16,2.65
1469,16,2.80
1470,16,2.95
1471,16,3.15
1472,16,3.45
1473,16,3.65
1474,16,2.95
1475,16,3.65
1476,16,1.20
1477,16,1.20
1478,16,3.60
1479,16,1.20
1480,16,3.55
1481,16,1.20
1482,16,1.20
1483,16,1.20
1484,16,2.15
1485,16,2.35
1486,16,3.35
1487,16,3.35
1488,16,3.35
1489,16,3.35
1490,16,3.40
1491,16,3.45
1492,16,3.50
1493,16,3.55
1494,16,3.65
1495,16,6.20
1496,16,3.90
1497,16,4.35
1498,16,4.50
1499,16,2.05
1500,16,2.45
1501,16,3.65
1502,16,3.80
1503,16,6.70
1504,16,4.00
1505,16,3.45
1506,16,2.55
1507,16,2.40
1508,16,2.30
1509,16,2.20
1510,16,2.15
1511,16,2.10
1512,16,2.10
1513,16,2.15
1514,16,2.15
1515,16,2.15
1516,16,2.25
1517,16,2.35
1518,16,2.55
1519,16,2.70
1520,16,2.85
1521,16,3.05
1522,16,3.35
1523,16,3.55
1524,16,2.85
1525,16,3.55
1526,16,1.20
1527,16,1.20
1528,16,3.55
1529,16,1.20
1530,16,1.20
1531,16,3.55
1532,16,1.20
1533,16,1.20
1534,16,2.00
1535,16,2.25
1536,16,3.25
1537,16,3.25
1538,16,3.25
1539,16,3.25
1540,16,3.30
1541,16,3.35
1542,16,3.40
1543,16,3.45
1544,16,3.55
1545,16,6.10
1546,16,3.85
1547,16,4.30
1548,16,4.45
1549,16,2.15
1550,16,2.55
1551,16,3.40
1552,16,3.60
1553,16,6.45
1554,16,3.80
1555,16,3.25
1556,16,2.30
1557,16,2.20
1558,16,2.10
1559,16,1.95
1560,16,1.90
1561,16,1.80
1562,16,1.75
1563,16,1.85
1564,16,1.85
1565,16,1.85
1566,16,2.00
1567,16,2.15
1568,16,2.35
1569,16,2.45
1570,16,2.65
1571,16,2.85
1572,16,3.15
1573,16,3.35
1574,16,2.65
1575,16,3.35
1576,16,2.25
1577,16,1.85
1578,16,3.30
1579,16,1.20
1580,16,1.20
1581,16,1.20
1582,16,3.55
1583,16,1.20
1584,16,1.65
1585,16,2.00
1586,16,3.05
1587,16,3.05
1588,16,3.05
1589,16,3.05
1590,16,3.10
1591,16,3.10
1592,16,3.20
1593,16,3.25
1594,16,3.30
1595,16,5.90
1596,16,3.60
1597,16,4.05
1598,16,4.20
1599,16,2.35
1600,16,2.75
1601,16,3.20
1602,16,3.35
1603,16,6.20
1604,16,3.55
1605,16,3.00
1606,16,2.05
1607,16,1.95
1608,16,1.80
1609,16,1.60
1610,16,1.55
1611,16,1.45
1612,16,1.20
1613,16,1.50
1614,16,1.50
1615,16,1.50
1616,16,1.70
1617,16,1.90
1618,16,2.10
1619,16,2.25
1620,16,2.40
1621,16,2.60
1622,16,2.90
1623,16,3.10
1624,16,2.40
1625,16,3.10
1626,16,2.50
1627,16,2.20
1628,16,3.05
1629,16,1.20
1630,16,1.20
1631,16,1.20
1632,16,1.20
1633,16,3.55
1634,16,1.20
1635,16,1.65
1636,16,2.80
1637,16,2.80
1638,16,2.80
1639,16,2.80
1640,16,2.85
1641,16,2.90
1642,16,2.95
1643,16,3.00
1644,16,3.10
1645,16,5.65
1646,16,3.35
1647,16,3.80
1648,16,3.95
1649,16,2.60
1650,16,3.00
1651,16,2.85
1652,16,3.00
1653,16,5.90
1654,16,3.20
1655,16,2.65
1656,16,1.65
1657,16,1.45
1658,16,1.30
1659,16,1.20
1660,16,1.20
1661,16,1.20
1662,16,1.20
1663,16,1.20
1664,16,1.20
1665,16,1.20
1666,16,1.20
1667,16,1.40
1668,16,1.70
1669,16,1.90
1670,16,2.10
1671,16,2.25
1672,16,2.60
1673,16,2.80
1674,16,2.10
1675,16,2.80
1676,16,2.85
1677,16,2.50
1678,16,2.75
1679,16,2.40
1680,16,2.15
1681,16,2.00
1682,16,1.65
1683,16,1.20
1684,16,3.55
1685,16,1.20
1686,16,2.40
1687,16,2.40
1688,16,2.40
1689,16,2.40
1690,16,2.50
1691,16,2.55
1692,16,2.60
1693,16,2.65
1694,16,2.75
1695,16,5.15
1696,16,3.05
1697,16,3.50
1698,16,3.65
1699,16,2.95
1700,16,3.35
1701,16,2.65
1702,16,2.80
1703,16,5.70
1704,16,3.00
1705,16,2.70
1706,16,1.85
1707,16,1.65
1708,16,1.50
1709,16,1.30
1710,16,1.25
1711,16,1.20
1712,16,1.20
1713,16,1.20
1714,16,1.20
1715,16,1.20
1716,16,1.20
1717,16,1.35
1718,16,1.65
1719,16,1.85
1720,16,2.10
1721,16,2.30
1722,16,2.60
1723,16,2.80
1724,16,2.10
1725,16,2.80
1726,16,3.05
1727,16,2.70
1728,16,2.55
1729,16,2.60
1730,16,2.35
1731,16,2.25
1732,16,2.00
1733,16,1.65
1734,16,1.20
1735,16,3.55
1736,16,1.95
1737,16,1.95
1738,16,1.95
1739,16,1.95
1740,16,2.15
1741,16,2.20
1742,16,2.35
1743,16,2.45
1744,16,2.55
1745,16,5.05
1746,16,3.05
1747,16,3.50
1748,16,3.65
1749,16,3.10
1750,16,3.50
1751,16,2.40
1752,16,2.65
1753,16,5.55
1754,16,2.90
1755,16,3.70
1756,16,2.90
1757,16,2.75
1758,16,2.65
1759,16,2.55
1760,16,2.50
1761,16,2.40
1762,16,2.25
1763,16,2.10
1764,16,2.10
1765,16,2.10
1766,16,2.40
1767,16,2.60
1768,16,2.80
1769,16,2.95
1770,16,3.10
1771,16,3.30
1772,16,3.60
1773,16,3.80
1774,16,3.10
1775,16,3.80
1776,16,4.05
1777,16,3.70
1778,16,2.25
1779,16,3.60
1780,16,3.35
1781,16,3.25
1782,16,3.05
1783,16,2.80
1784,16,2.40
1785,16,1.95
1786,16,3.55
1787,16,1.20
1788,16,1.20
1789,16,1.20
1790,16,1.20
1791,16,1.20
1792,16,1.20
1793,16,1.20
1794,16,2.00
1795,16,6.30
1796,16,4.05
1797,16,4.50
1798,16,4.65
1799,16,4.15
1800,16,4.55
1801,16,2.40
1802,16,2.65
1803,16,5.55
1804,16,2.90
1805,16,3.70
1806,16,2.90
1807,16,2.75
1808,16,2.65
1809,16,2.55
1810,16,2.50
1811,16,2.40
1812,16,2.25
1813,16,2.10
1814,16,2.10
1815,16,2.10
1816,16,2.40
1817,16,2.60
1818,16,2.80
1819,16,2.95
1820,16,3.10
1821,16,3.30
1822,16,3.60
1823,16,3.80
1824,16,3.10
1825,16,3.80
1826,16,4.05
1827,16,3.70
1828,16,2.25
1829,16,3.60
1830,16,3.35
1831,16,3.25
1832,16,3.05
1833,16,2.80
1834,16,2.40
1835,16,1.95
1836,16,1.20
1837,16,3.55
1838,16,1.20
1839,16,1.20
1840,16,1.20
1841,16,1.20
1842,16,1.20
1843,16,1.20
1844,16,2.00
1845,16,6.30
1846,16,4.05
1847,16,4.50
1848,16,4.65
1849,16,4.15
1850,16,4.55
1851,16,2.40
1852,16,2.65
1853,16,5.55
1854,16,2.90
1855,16,3.70
1856,16,2.90
1857,16,2.75
1858,16,2.65
1859,16,2.55
1860,16,2.50
1861,16,2.40
1862,16,2.25
1863,16,2.10
1864,16,2.10
1865,16,2.10
1866,16,2.40
1867,16,2.60
1868,16,2.80
1869,16,2.95
1870,16,3.10
1871,16,3.30
1872,16,3.60
1873,16,3.80
1874,16,3.10
1875,16,3.80
1876,16,4.05
1877,16,3.70
1878,16,2.25
1879,16,3.60
1880,16,3.35
1881,16,3.25
1882,16,3.05
1883,16,2.80
1884,16,2.40
1885,16,1.95
1886,16,1.20
1887,16,1.20
1888,16,3.55
1889,16,1.20
1890,16,1.20
1891,16,1.20
1892,16,1.20
1893,16,1.20
1894,16,2.00
1895,16,6.30
1896,16,4.05
1897,16,4.50
1898,16,4.65
1899,16,4.15
1900,16,4.55
1901,16,2.40
1902,16,2.65
1903,16,5.55
1904,16,2.90
1905,16,3.70
1906,16,2.90
1907,16,2.75
1908,16,2.65
1909,16,2.55
1910,16,2.50
1911,16,2.40
1912,16,2.25
1913,16,2.10
1914,16,2.10
1915,16,2.10
1916,16,2.40
1917,16,2.60
1918,16,2.80
1919,16,2.95
1920,16,3.10
1921,16,3.30
1922,16,3.60
1923,16,3.80
1924,16,3.10
1925,16,3.80
1926,16,4.05
1927,16,3.70
1928,16,2.25
1929,16,3.60
1930,16,3.35
1931,16,3.25
1932,16,3.05
1933,16,2.80
1934,16,2.40
1935,16,1.95
1936,16,1.20
1937,16,1.20
1938,16,1.20
1939,16,3.55
1940,16,1.20
1941,16,1.20
1942,16,1.20
1943,16,1.20
1944,16,2.00
1945,16,6.30
1946,16,4.05
1947,16,4.50
1948,16,4.65
1949,16,4.15
1950,16,4.55
1951,16,2.30
1952,16,2.55
1953,16,5.50
1954,16,2.85
1955,16,3.75
1956,16,2.95
1957,16,2.80
1958,16,2.70
1959,16,2.60
1960,16,2.55
1961,16,2.50
1962,16,2.35
1963,16,2.25
1964,16,2.25
1965,16,2.25
1966,16,2.50
1967,16,2.65
1968,16,2.85
1969,16,3.00
1970,16,3.15
1971,16,3.35
1972,16,3.65
1973,16,3.85
1974,16,3.15
1975,16,3.85
1976,16,4.10
1977,16,3.75
1978,16,2.15
1979,16,3.65
1980,16,3.40
1981,16,3.30
1982,16,3.10
1983,16,2.85
1984,16,2.50
1985,16,2.15
1986,16,1.20
1987,16,1.20
1988,16,1.20
1989,16,1.20
1990,16,3.55
1991,16,1.20
1992,16,1.20
1993,16,1.20
1994,16,1.90
1995,16,6.40
1996,16,4.10
1997,16,4.55
1998,16,4.70
1999,16,4.20
2000,16,4.60
2001,16,2.25
2002,16,2.50
2003,16,5.45
2004,16,2.80
2005,16,3.75
2006,16,2.95
2007,16,2.85
2008,16,2.75
2009,16,2.60
2010,16,2.60
2011,16,2.50
2012,16,2.40
2013,16,2.30
2014,16,2.30
2015,16,2.30
2016,16,2.55
2017,16,2.70
2018,16,2.85
2019,16,3.00
2020,16,3.20
2021,16,3.35
2022,16,3.65
2023,16,3.90
2024,16,3.20
2025,16,3.85
2026,16,4.10
2027,16,3.80
2028,16,2.05
2029,16,3.70
2030,16,3.45
2031,16,3.35
2032,16,3.10
2033,16,2.90
2034,16,2.55
2035,16,2.20
2036,16,1.20
2037,16,1.20
2038,16,1.20
2039,16,1.20
2040,16,1.20
2041,16,3.55
2042,16,1.20
2043,16,1.20
2044,16,1.90
2045,16,6.40
2046,16,4.15
2047,16,4.60
2048,16,4.75
2049,16,4.20
2050,16,4.60
2051,16,2.10
2052,16,2.35
2053,16,5.30
2054,16,2.65
2055,16,3.85
2056,16,3.05
2057,16,2.90
2058,16,2.85
2059,16,2.70
2060,16,2.65
2061,16,2.60
2062,16,2.55
2063,16,2.45
2064,16,2.45
2065,16,2.45
2066,16,2.65
2067,16,2.75
2068,16,2.95
2069,16,3.10
2070,16,3.25
2071,16,3.45
2072,16,3.75
2073,16,3.95
2074,16,3.30
2075,16,3.95
2076,16,4.20
2077,16,3.90
2078,16,2.00
2079,16,3.75
2080,16,3.50
2081,16,3.40
2082,16,3.20
2083,16,2.95
2084,16,2.60
2085,16,2.35
2086,16,1.20
2087,16,1.20
2088,16,1.20
2089,16,1.20
2090,16,1.20
2091,16,1.20
2092,16,3.55
2093,16,1.20
2094,16,1.90
2095,16,6.50
2096,16,4.25
2097,16,4.70
2098,16,4.85
2099,16,4.30
2100,16,4.70
2101,16,2.00
2102,16,2.25
2103,16,5.20
2104,16,2.55
2105,16,3.90
2106,16,3.10
2107,16,2.95
2108,16,2.85
2109,16,2.75
2110,16,2.70
2111,16,2.65
2112,16,2.60
2113,16,2.55
2114,16,2.55
2115,16,2.55
2116,16,2.70
2117,16,2.80
2118,16,3.00
2119,16,3.15
2120,16,3.30
2121,16,3.50
2122,16,3.80
2123,16,4.00
2124,16,3.30
2125,16,4.00
2126,16,4.25
2127,16,3.95
2128,16,2.00
2129,16,3.80
2130,16,3.55
2131,16,3.45
2132,16,3.25
2133,16,3.00
2134,16,2.65
2135,16,2.45
2136,16,1.20
2137,16,1.20
2138,16,1.20
2139,16,1.20
2140,16,1.20
2141,16,1.20
2142,16,1.20
2143,16,3.55
2144,16,1.90
2145,16,6.55
2146,16,4.30
2147,16,4.75
2148,16,4.90
2149,16,4.35
2150,16,4.75
2151,16,2.00
2152,16,2.00
2153,16,5.05
2154,16,2.45
2155,16,4.00
2156,16,3.20
2157,16,3.05
2158,16,2.95
2159,16,2.85
2160,16,2.80
2161,16,2.75
2162,16,2.65
2163,16,2.60
2164,16,2.60
2165,16,2.60
2166,16,2.80
2167,16,2.90
2168,16,3.05
2169,16,3.20
2170,16,3.40
2171,16,3.60
2172,16,3.90
2173,16,4.10
2174,16,3.40
2175,16,4.10
2176,16,4.35
2177,16,4.00
2178,16,2.00
2179,16,3.90
2180,16,3.65
2181,16,3.55
2182,16,3.30
2183,16,3.10
2184,16,2.75
2185,16,2.55
2186,16,2.00
2187,16,2.00
2188,16,2.00
2189,16,2.00
2190,16,1.90
2191,16,1.90
2192,16,1.90
2193,16,1.90
2194,16,3.55
2195,16,6.65
2196,16,4.35
2197,16,4.80
2198,16,4.95
2199,16,4.45
2200,16,4.85
2201,16,6.75
2202,16,6.90
2203,16,9.75
2204,16,7.10
2205,16,6.05
2206,16,5.85
2207,16,5.70
2208,16,5.60
2209,16,5.40
2210,16,5.35
2211,16,5.25
2212,16,5.10
2213,16,4.95
2214,16,4.95
2215,16,4.95
2216,16,4.95
2217,16,3.70
2218,16,4.95
2219,16,4.95
2220,16,5.30
2221,16,5.60
2222,16,6.00
2223,16,6.20
2224,16,5.30
2225,16,6.15
2226,16,6.90
2227,16,6.55
2228,16,6.60
2229,16,6.45
2230,16,6.20
2231,16,6.10
2232,16,5.90
2233,16,5.65
2234,16,5.15
2235,16,5.05
2236,16,6.30
2237,16,6.30
2238,16,6.30
2239,16,6.30
2240,16,6.40
2241,16,6.40
2242,16,6.50
2243,16,6.55
2244,16,6.65
2245,16,3.55
2246,16,6.45
2247,16,6.90
2248,16,7.05
2249,16,7.00
2250,16,7.40
2251,16,4.45
2252,16,4.60
2253,16,7.50
2254,16,4.80
2255,16,3.15
2256,16,3.55
2257,16,3.45
2258,16,3.35
2259,16,3.20
2260,16,3.20
2261,16,3.15
2262,16,3.05
2263,16,3.00
2264,16,3.00
2265,16,3.00
2266,16,2.85
2267,16,2.70
2268,16,2.55
2269,16,2.40
2270,16,2.20
2271,16,1.20
2272,16,1.20
2273,16,1.20
2274,16,2.55
2275,16,3.25
2276,16,4.60
2277,16,4.30
2278,16,4.35
2279,16,4.20
2280,16,3.90
2281,16,3.85
2282,16,3.60
2283,16,3.35
2284,16,3.05
2285,16,3.05
2286,16,4.05
2287,16,4.05
2288,16,4.05
2289,16,4.05
2290,16,4.10
2291,16,4.15
2292,16,4.25
2293,16,4.30
2294,16,4.35
2295,16,6.45
2296,16,3.55
2297,16,1.45
2298,16,1.70
2299,16,4.70
2300,16,5.10
2301,16,4.90
2302,16,5.05
2303,16,7.95
2304,16,5.25
2305,16,3.60
2306,16,4.00
2307,16,3.90
2308,16,3.80
2309,16,3.65
2310,16,3.65
2311,16,3.60
2312,16,3.50
2313,16,3.45
2314,16,3.45
2315,16,3.45
2316,16,3.30
2317,16,3.15
2318,16,3.00
2319,16,2.85
2320,16,2.65
2321,16,2.50
2322,16,2.20
2323,16,1.90
2324,16,3.00
2325,16,3.70
2326,16,5.05
2327,16,4.75
2328,16,4.80
2329,16,4.60
2330,16,4.35
2331,16,4.30
2332,16,4.05
2333,16,3.80
2334,16,3.50
2335,16,3.50
2336,16,4.50
2337,16,4.50
2338,16,4.50
2339,16,4.50
2340,16,4.55
2341,16,4.60
2342,16,4.70
2343,16,4.75
2344,16,4.80
2345,16,6.90
2346,16,1.45
2347,16,3.55
2348,16,1.20
2349,16,5.15
2350,16,5.55
2351,16,5.05
2352,16,5.20
2353,16,8.10
2354,16,5.40
2355,16,3.75
2356,16,4.15
2357,16,4.05
2358,16,3.95
2359,16,3.80
2360,16,3.80
2361,16,3.75
2362,16,3.65
2363,16,3.60
2364,16,3.60
2365,16,3.60
2366,16,3.45
2367,16,3.30
2368,16,3.15
2369,16,3.00
2370,16,2.80
2371,16,2.65
2372,16,2.35
2373,16,2.10
2374,16,3.15
2375,16,3.85
2376,16,5.20
2377,16,4.90
2378,16,4.95
2379,16,4.80
2380,16,4.50
2381,16,4.45
2382,16,4.20
2383,16,3.95
2384,16,3.65
2385,16,3.65
2386,16,4.65
2387,16,4.65
2388,16,4.65
2389,16,4.65
2390,16,4.70
2391,16,4.75
2392,16,4.85
2393,16,4.90
2394,16,4.95
2395,16,7.05
2396,16,1.70
2397,16,1.20
2398,16,3.55
2399,16,5.30
2400,16,5.70
2401,16,4.55
2402,16,4.70
2403,16,7.55
2404,16,4.90
2405,16,4.35
2406,16,3.40
2407,16,3.30
2408,16,3.20
2409,16,3.10
2410,16,3.05
2411,16,3.00
2412,16,3.00
2413,16,3.05
2414,16,3.05
2415,16,3.05
2416,16,3.15
2417,16,3.25
2418,16,3.45
2419,16,3.60
2420,16,3.75
2421,16,3.95
2422,16,4.25
2423,16,4.45
2424,16,3.75
2425,16,4.45
2426,16,1.20
2427,16,1.20
2428,16,4.40
2429,16,1.20
2430,16,2.05
2431,16,2.15
2432,16,2.35
2433,16,2.60
2434,16,2.95
2435,16,3.10
2436,16,4.15
2437,16,4.15
2438,16,4.15
2439,16,4.15
2440,16,4.20
2441,16,4.20
2442,16,4.30
2443,16,4.35
2444,16,4.45
2445,16,7.00
2446,16,4.70
2447,16,5.15
2448,16,5.30
2449,16,3.55
2450,16,1.20
2451,16,4.95
2452,16,5.10
2453,16,7.95
2454,16,5.30
2455,16,4.75
2456,16,3.80
2457,16,3.70
2458,16,3.60
2459,16,3.45
2460,16,3.45
2461,16,3.40
2462,16,3.40
2463,16,3.45
2464,16,3.45
2465,16,3.45
2466,16,3.55
2467,16,3.65
2468,16,3.85
2469,16,3.95
2470,16,4.15
2471,16,4.35
2472,16,4.65
2473,16,4.85
2474,16,4.15
2475,16,4.85
2476,16,1.20
2477,16,2.10
2478,16,4.80
2479,16,2.20
2480,16,2.45
2481,16,2.55
2482,16,2.75
2483,16,3.00
2484,16,3.35
2485,16,3.50
2486,16,4.55
2487,16,4.55
2488,16,4.55
2489,16,4.55
2490,16,4.60
2491,16,4.60
2492,16,4.70
2493,16,4.75
2494,16,4.85
2495,16,7.40
2496,16,5.10
2497,16,5.55
2498,16,5.70
2499,16,1.20
2500,16,3.55