fare_id,price,currency_type,payment_method,transfers,transfer_duration
1,7.10,USD,1,,
2,4.00,USD,1,,
3,9.50,USD,1,,
4,4.00,USD,1,,
5,8.20,USD,1,,
6,6.60,USD,1,,
7,6.30,USD,1,,
8,6.10,USD,1,,
9,5.90,USD,1,,
10,5.80,USD,1,,
11,5.70,USD,1,,
12,5.55,USD,1,,
13,5.45,USD,1,,
14,5.45,USD,1,,
15,5.45,USD,1,,
16,5.80,USD,1,,
17,6.00,USD,1,,
18,6.35,USD,1,,
19,6.65,USD,1,,
20,7.00,USD,1,,
21,7.40,USD,1,,
22,8.00,USD,1,,
23,8.40,USD,1,,
24,7.00,USD,1,,
25,8.40,USD,1,,
26,8.90,USD,1,,
27,8.25,USD,1,,
28,4.00,USD,1,,
29,8.00,USD,1,,
30,7.50,USD,1,,
31,7.30,USD,1,,
32,6.85,USD,1,,
33,6.40,USD,1,,
34,5.70,USD,1,,
35,5.35,USD,1,,
36,4.85,USD,1,,
37,4.85,USD,1,,
38,4.85,USD,1,,
39,4.85,USD,1,,
40,4.65,USD,1,,
41,4.50,USD,1,,
42,4.20,USD,1,,
43,4.00,USD,1,,
44,4.00,USD,1,,
45,13.50,USD,1,,
46,8.95,USD,1,,
47,9.85,USD,1,,
48,10.15,USD,1,,
49,9.10,USD,1,,
50,9.90,USD,1,,
51,4.00,USD,1,,
52,7.10,USD,1,,
53,9.50,USD,1,,
54,4.00,USD,1,,
55,8.50,USD,1,,
56,6.90,USD,1,,
57,6.65,USD,1,,
58,6.45,USD,1,,
59,6.20,USD,1,,
60,6.15,USD,1,,
61,6.00,USD,1,,
62,5.85,USD,1,,
63,5.75,USD,1,,
64,5.75,USD,1,,
65,5.75,USD,1,,
66,6.10,USD,1,,
67,6.35,USD,1,,
68,6.70,USD,1,,
69,7.00,USD,1,,
70,7.35,USD,1,,
71,7.70,USD,1,,
72,8.30,USD,1,,
73,8.75,USD,1,,
74,7.35,USD,1,,
75,8.70,USD,1,,
76,9.20,USD,1,,
77,8.60,USD,1,,
78,4.00,USD,1,,
79,8.35,USD,1,,
80,7.80,USD,1,,
81,7.65,USD,1,,
82,7.20,USD,1,,
83,6.70,USD,1,,
84,6.05,USD,1,,
85,5.65,USD,1,,
86,5.35,USD,1,,
87,5.35,USD,1,,
88,5.35,USD,1,,
89,5.35,USD,1,,
90,5.15,USD,1,,
91,5.00,USD,1,,
92,4.70,USD,1,,
93,4.55,USD,1,,
94,4.00,USD,1,,
95,13.80,USD,1,,
96,9.25,USD,1,,
97,10.15,USD,1,,
98,10.45,USD,1,,
99,9.40,USD,1,,
100,10.20,USD,1,,
101,9.50,USD,1,,
102,9.50,USD,1,,
103,7.10,USD,1,,
104,5.50,USD,1,,
105,14.25,USD,1,,
106,12.65,USD,1,,
107,12.40,USD,1,,
108,12.20,USD,1,,
109,11.95,USD,1,,
110,11.90,USD,1,,
111,11.75,USD,1,,
112,11.60,USD,1,,
113,11.50,USD,1,,
114,11.50,USD,1,,
115,11.50,USD,1,,
116,11.85,USD,1,,
117,12.10,USD,1,,
118,12.45,USD,1,,
119,12.75,USD,1,,
120,13.10,USD,1,,
121,13.45,USD,1,,
122,14.05,USD,1,,
123,14.50,USD,1,,
124,13.10,USD,1,,
125,14.45,USD,1,,
126,14.95,USD,1,,
127,14.35,USD,1,,
128,9.90,USD,1,,
129,14.10,USD,1,,
130,13.55,USD,1,,
131,13.40,USD,1,,
132,12.95,USD,1,,
133,12.45,USD,1,,
134,11.80,USD,1,,
135,11.40,USD,1,,
136,11.15,USD,1,,
137,11.15,USD,1,,
138,11.15,USD,1,,
139,11.15,USD,1,,
140,11.05,USD,1,,
141,10.90,USD,1,,
142,10.60,USD,1,,
143,10.45,USD,1,,
144,10.15,USD,1,,
145,19.55,USD,1,,
146,15.00,USD,1,,
147,15.90,USD,1,,
148,16.20,USD,1,,
149,15.15,USD,1,,
150,15.95,USD,1,,
151,4.00,USD,1,,
152,4.00,USD,1,,
153,5.50,USD,1,,
154,7.10,USD,1,,
155,8.90,USD,1,,
156,7.30,USD,1,,
157,7.05,USD,1,,
158,6.85,USD,1,,
159,6.60,USD,1,,
160,6.55,USD,1,,
161,6.45,USD,1,,
162,6.30,USD,1,,
163,6.15,USD,1,,
164,6.15,USD,1,,
165,6.15,USD,1,,
166,6.50,USD,1,,
167,6.75,USD,1,,
168,7.10,USD,1,,
169,7.40,USD,1,,
170,7.75,USD,1,,
171,8.10,USD,1,,
172,8.70,USD,1,,
173,9.15,USD,1,,
174,7.75,USD,1,,
175,9.10,USD,1,,
176,9.60,USD,1,,
177,9.00,USD,1,,
178,4.65,USD,1,,
179,8.75,USD,1,,
180,8.25,USD,1,,
181,8.05,USD,1,,
182,7.60,USD,1,,
183,7.15,USD,1,,
184,6.45,USD,1,,
185,6.05,USD,1,,
186,5.80,USD,1,,
187,5.80,USD,1,,
188,5.80,USD,1,,
189,5.80,USD,1,,
190,5.70,USD,1,,
191,5.65,USD,1,,
192,5.35,USD,1,,
193,5.15,USD,1,,
194,4.90,USD,1,,
195,14.20,USD,1,,
196,9.65,USD,1,,
197,10.55,USD,1,,
198,10.85,USD,1,,
199,9.80,USD,1,,
200,10.60,USD,1,,
201,8.20,USD,1,,
202,8.50,USD,1,,
203,14.25,USD,1,,
204,8.90,USD,1,,
205,7.10,USD,1,,
206,6.40,USD,1,,
207,6.15,USD,1,,
208,5.95,USD,1,,
209,5.70,USD,1,,
210,5.65,USD,1,,
211,5.55,USD,1,,
212,5.35,USD,1,,
213,5.25,USD,1,,
214,5.25,USD,1,,
215,5.25,USD,1,,
216,4.95,USD,1,,
217,4.70,USD,1,,
218,4.35,USD,1,,
219,2.40,USD,1,,
220,4.40,USD,1,,
221,4.75,USD,1,,
222,5.35,USD,1,,
223,5.80,USD,1,,
224,2.40,USD,1,,
225,2.40,USD,1,,
226,8.50,USD,1,,
227,7.85,USD,1,,
228,7.95,USD,1,,
229,7.60,USD,1,,
230,7.10,USD,1,,
231,6.90,USD,1,,
232,6.50,USD,1,,
233,6.00,USD,1,,
234,5.35,USD,1,,
235,5.40,USD,1,,
236,7.40,USD,1,,
237,7.40,USD,1,,
238,7.40,USD,1,,
239,7.40,USD,1,,
240,7.50,USD,1,,
241,7.55,USD,1,,
242,7.75,USD,1,,
243,7.80,USD,1,,
244,8.00,USD,1,,
245,12.15,USD,1,,
246,6.30,USD,1,,
247,7.20,USD,1,,
248,7.50,USD,1,,
249,8.70,USD,1,,
250,9.50,USD,1,,
251,6.60,USD,1,,
252,6.90,USD,1,,
253,12.65,USD,1,,
254,7.30,USD,1,,
255,6.40,USD,1,,
256,7.10,USD,1,,
257,2.40,USD,1,,
258,2.40,USD,1,,
259,2.40,USD,1,,
260,2.40,USD,1,,
261,2.40,USD,1,,
262,3.35,USD,1,,
263,3.55,USD,1,,
264,3.55,USD,1,,
265,3.55,USD,1,,
266,3.95,USD,1,,
267,4.25,USD,1,,
268,4.60,USD,1,,
269,4.90,USD,1,,
270,5.20,USD,1,,
271,5.60,USD,1,,
272,6.20,USD,1,,
273,6.65,USD,1,,
274,5.25,USD,1,,
275,6.60,USD,1,,
276,6.65,USD,1,,
277,6.05,USD,1,,
278,6.35,USD,1,,
279,5.80,USD,1,,
280,5.30,USD,1,,
281,5.10,USD,1,,
282,4.65,USD,1,,
283,4.15,USD,1,,
284,3.35,USD,1,,
285,3.75,USD,1,,
286,5.80,USD,1,,
287,5.80,USD,1,,
288,5.80,USD,1,,
289,5.80,USD,1,,
290,5.90,USD,1,,
291,5.95,USD,1,,
292,6.10,USD,1,,
293,6.20,USD,1,,
294,6.40,USD,1,,
295,11.70,USD,1,,
296,7.15,USD,1,,
297,8.05,USD,1,,
298,8.35,USD,1,,
299,6.85,USD,1,,
300,7.65,USD,1,,
301,6.30,USD,1,,
302,6.65,USD,1,,
303,12.40,USD,1,,
304,7.05,USD,1,,
305,6.15,USD,1,,
306,2.40,USD,1,,
307,7.10,USD,1,,
308,2.40,USD,1,,
309,2.40,USD,1,,
310,2.40,USD,1,,
311,2.40,USD,1,,
312,2.90,USD,1,,
313,3.15,USD,1,,
314,3.15,USD,1,,
315,3.15,USD,1,,
316,3.70,USD,1,,
317,3.95,USD,1,,
318,4.35,USD,1,,
319,4.60,USD,1,,
320,5.00,USD,1,,
321,5.35,USD,1,,
322,5.95,USD,1,,
323,6.40,USD,1,,
324,4.95,USD,1,,
325,6.35,USD,1,,
326,6.40,USD,1,,
327,5.80,USD,1,,
328,6.10,USD,1,,
329,5.55,USD,1,,
330,5.05,USD,1,,
331,4.85,USD,1,,
332,4.40,USD,1,,
333,3.95,USD,1,,
334,2.95,USD,1,,
335,3.35,USD,1,,
336,5.55,USD,1,,
337,5.55,USD,1,,
338,5.55,USD,1,,
339,5.55,USD,1,,
340,5.65,USD,1,,
341,5.70,USD,1,,
342,5.85,USD,1,,
343,5.95,USD,1,,
344,6.10,USD,1,,
345,11.45,USD,1,,
346,6.90,USD,1,,
347,7.80,USD,1,,
348,8.10,USD,1,,
349,6.60,USD,1,,
350,7.40,USD,1,,
351,6.10,USD,1,,
352,6.45,USD,1,,
353,12.20,USD,1,,
354,6.85,USD,1,,
355,5.95,USD,1,,
356,2.40,USD,1,,
357,2.40,USD,1,,
358,7.10,USD,1,,
359,2.40,USD,1,,
360,2.40,USD,1,,
361,2.40,USD,1,,
362,2.55,USD,1,,
363,2.80,USD,1,,
364,2.80,USD,1,,
365,2.80,USD,1,,
366,3.40,USD,1,,
367,3.75,USD,1,,
368,4.15,USD,1,,
369,4.40,USD,1,,
370,4.80,USD,1,,
371,5.15,USD,1,,
372,5.75,USD,1,,
373,6.15,USD,1,,
374,4.75,USD,1,,
375,6.15,USD,1,,
376,6.20,USD,1,,
377,5.60,USD,1,,
378,5.90,USD,1,,
379,5.35,USD,1,,
380,4.85,USD,1,,
381,4.65,USD,1,,
382,4.20,USD,1,,
383,3.65,USD,1,,
384,2.65,USD,1,,
385,3.05,USD,1,,
386,5.35,USD,1,,
387,5.35,USD,1,,
388,5.35,USD,1,,
389,5.35,USD,1,,
390,5.40,USD,1,,
391,5.50,USD,1,,
392,5.70,USD,1,,
393,5.75,USD,1,,
394,5.90,USD,1,,
395,11.25,USD,1,,
396,6.70,USD,1,,
397,7.60,USD,1,,
398,7.90,USD,1,,
399,6.40,USD,1,,
400,7.20,USD,1,,
401,5.90,USD,1,,
402,6.20,USD,1,,
403,11.95,USD,1,,
404,6.60,USD,1,,
405,5.70,USD,1,,
406,2.40,USD,1,,
407,2.40,USD,1,,
408,2.40,USD,1,,
409,7.10,USD,1,,
410,2.40,USD,1,,
411,2.40,USD,1,,
412,2.40,USD,1,,
413,2.40,USD,1,,
414,2.40,USD,1,,
415,2.40,USD,1,,
416,3.00,USD,1,,
417,3.40,USD,1,,
418,3.90,USD,1,,
419,4.20,USD,1,,
420,4.55,USD,1,,
421,4.90,USD,1,,
422,5.50,USD,1,,
423,5.95,USD,1,,
424,4.55,USD,1,,
425,5.90,USD,1,,
426,6.00,USD,1,,
427,5.35,USD,1,,
428,5.65,USD,1,,
429,5.10,USD,1,,
430,4.60,USD,1,,
431,4.40,USD,1,,
432,3.95,USD,1,,
433,3.25,USD,1,,
434,2.40,USD,1,,
435,2.65,USD,1,,
436,5.10,USD,1,,
437,5.10,USD,1,,
438,5.10,USD,1,,
439,5.10,USD,1,,
440,5.20,USD,1,,
441,5.25,USD,1,,
442,5.45,USD,1,,
443,5.50,USD,1,,
444,5.70,USD,1,,
445,10.85,USD,1,,
446,6.45,USD,1,,
447,7.35,USD,1,,
448,7.65,USD,1,,
449,6.20,USD,1,,
450,6.95,USD,1,,
451,5.80,USD,1,,
452,6.15,USD,1,,
453,11.90,USD,1,,
454,6.55,USD,1,,
455,5.65,USD,1,,
456,2.40,USD,1,,
457,2.40,USD,1,,
458,2.40,USD,1,,
459,2.40,USD,1,,
460,7.10,USD,1,,
461,2.40,USD,1,,
462,2.40,USD,1,,
463,2.40,USD,1,,
464,2.40,USD,1,,
465,2.40,USD,1,,
466,2.85,USD,1,,
467,3.20,USD,1,,
468,3.80,USD,1,,
469,4.15,USD,1,,
470,4.45,USD,1,,
471,4.85,USD,1,,
472,5.45,USD,1,,
473,5.85,USD,1,,
474,4.50,USD,1,,
475,5.85,USD,1,,
476,5.90,USD,1,,
477,5.30,USD,1,,
478,5.60,USD,1,,
479,5.05,USD,1,,
480,4.50,USD,1,,
481,4.35,USD,1,,
482,3.85,USD,1,,
483,3.10,USD,1,,
484,2.40,USD,1,,
485,2.50,USD,1,,
486,5.00,USD,1,,
487,5.00,USD,1,,
488,5.00,USD,1,,
489,5.00,USD,1,,
490,5.15,USD,1,,
491,5.20,USD,1,,
492,5.35,USD,1,,
493,5.45,USD,1,,
494,5.60,USD,1,,
495,10.70,USD,1,,
496,6.40,USD,1,,
497,7.30,USD,1,,
498,7.60,USD,1,,
499,6.10,USD,1,,
500,6.90,USD,1,,
501,5.70,USD,1,,
502,6.00,USD,1,,
503,11.75,USD,1,,
504,6.45,USD,1,,
505,5.55,USD,1,,
506,2.40,USD,1,,
507,2.40,USD,1,,
508,2.40,USD,1,,
509,2.40,USD,1,,
510,2.40,USD,1,,
511,7.10,USD,1,,
512,2.40,USD,1,,
513,2.40,USD,1,,
514,2.40,USD,1,,
515,2.40,USD,1,,
516,2.65,USD,1,,
517,3.05,USD,1,,
518,3.60,USD,1,,
519,4.00,USD,1,,
520,4.35,USD,1,,
521,4.75,USD,1,,
522,5.35,USD,1,,
523,5.75,USD,1,,
524,4.35,USD,1,,
525,5.75,USD,1,,
526,5.85,USD,1,,
527,5.25,USD,1,,
528,5.45,USD,1,,
529,5.00,USD,1,,
530,4.50,USD,1,,
531,4.25,USD,1,,
532,3.65,USD,1,,
533,2.90,USD,1,,
534,2.40,USD,1,,
535,2.40,USD,1,,
536,4.80,USD,1,,
537,4.80,USD,1,,
538,4.80,USD,1,,
539,4.80,USD,1,,
540,5.00,USD,1,,
541,5.05,USD,1,,
542,5.25,USD,1,,
543,5.35,USD,1,,
544,5.50,USD,1,,
545,10.50,USD,1,,
546,6.30,USD,1,,
547,7.20,USD,1,,
548,7.50,USD,1,,
549,6.05,USD,1,,
550,6.85,USD,1,,
551,5.55,USD,1,,
552,5.85,USD,1,,
553,11.60,USD,1,,
554,6.30,USD,1,,
555,5.35,USD,1,,
556,3.35,USD,1,,
557,2.90,USD,1,,
558,2.55,USD,1,,
559,2.40,USD,1,,
560,2.40,USD,1,,
561,2.40,USD,1,,
562,7.10,USD,1,,
563,2.40,USD,1,,
564,2.40,USD,1,,
565,2.40,USD,1,,
566,2.40,USD,1,,
567,2.75,USD,1,,
568,3.35,USD,1,,
569,3.80,USD,1,,
570,4.20,USD,1,,
571,4.55,USD,1,,
572,5.20,USD,1,,
573,5.60,USD,1,,
574,4.20,USD,1,,
575,5.60,USD,1,,
576,5.85,USD,1,,
577,5.25,USD,1,,
578,5.30,USD,1,,
579,5.00,USD,1,,
580,4.50,USD,1,,
581,4.25,USD,1,,
582,3.55,USD,1,,
583,2.40,USD,1,,
584,2.40,USD,1,,
585,2.40,USD,1,,
586,4.50,USD,1,,
587,4.50,USD,1,,
588,4.50,USD,1,,
589,4.50,USD,1,,
590,4.75,USD,1,,
591,4.85,USD,1,,
592,5.10,USD,1,,
593,5.20,USD,1,,
594,5.35,USD,1,,
595,10.25,USD,1,,
596,6.15,USD,1,,
597,7.05,USD,1,,
598,7.35,USD,1,,
599,6.05,USD,1,,
600,6.85,USD,1,,
601,5.45,USD,1,,
602,5.75,USD,1,,
603,11.50,USD,1,,
604,6.15,USD,1,,
605,5.25,USD,1,,
606,3.55,USD,1,,
607,3.15,USD,1,,
608,2.80,USD,1,,
609,2.40,USD,1,,
610,2.40,USD,1,,
611,2.40,USD,1,,
612,2.40,USD,1,,
613,7.10,USD,1,,
614,2.40,USD,1,,
615,2.40,USD,1,,
616,2.40,USD,1,,
617,2.40,USD,1,,
618,3.10,USD,1,,
619,3.55,USD,1,,
620,4.10,USD,1,,
621,4.45,USD,1,,
622,5.05,USD,1,,
623,5.50,USD,1,,
624,4.10,USD,1,,
625,5.45,USD,1,,
626,5.90,USD,1,,
627,5.25,USD,1,,
628,5.20,USD,1,,
629,5.00,USD,1,,
630,4.50,USD,1,,
631,4.35,USD,1,,
632,3.75,USD,1,,
633,3.00,USD,1,,
634,2.40,USD,1,,
635,2.40,USD,1,,
636,4.25,USD,1,,
637,4.25,USD,1,,
638,4.25,USD,1,,
639,4.25,USD,1,,
640,4.50,USD,1,,
641,4.60,USD,1,,
642,4.90,USD,1,,
643,5.10,USD,1,,
644,5.25,USD,1,,
645,9.90,USD,1,,
646,6.05,USD,1,,
647,6.90,USD,1,,
648,7.25,USD,1,,
649,6.10,USD,1,,
650,6.90,USD,1,,
651,5.45,USD,1,,
652,5.75,USD,1,,
653,11.50,USD,1,,
654,6.15,USD,1,,
655,5.25,USD,1,,
656,3.55,USD,1,,
657,3.15,USD,1,,
658,2.80,USD,1,,
659,2.40,USD,1,,
660,2.40,USD,1,,
661,2.40,USD,1,,
662,2.40,USD,1,,
663,2.40,USD,1,,
664,7.10,USD,1,,
665,2.40,USD,1,,
666,2.40,USD,1,,
667,2.40,USD,1,,
668,3.10,USD,1,,
669,3.55,USD,1,,
670,4.10,USD,1,,
671,4.45,USD,1,,
672,5.05,USD,1,,
673,5.50,USD,1,,
674,4.10,USD,1,,
675,5.45,USD,1,,
676,5.90,USD,1,,
677,5.25,USD,1,,
678,5.20,USD,1,,
679,5.00,USD,1,,
680,4.50,USD,1,,
681,4.35,USD,1,,
682,3.75,USD,1,,
683,3.00,USD,1,,
684,2.40,USD,1,,
685,2.40,USD,1,,
686,4.25,USD,1,,
687,4.25,USD,1,,
688,4.25,USD,1,,
689,4.25,USD,1,,
690,4.50,USD,1,,
691,4.60,USD,1,,
692,4.90,USD,1,,
693,5.10,USD,1,,
694,5.25,USD,1,,
695,9.90,USD,1,,
696,6.05,USD,1,,
697,6.90,USD,1,,
698,7.25,USD,1,,
699,6.10,USD,1,,
700,6.90,USD,1,,
701,5.45,USD,1,,
702,5.75,USD,1,,
703,11.50,USD,1,,
704,6.15,USD,1,,
705,5.25,USD,1,,
706,3.55,USD,1,,
707,3.15,USD,1,,
708,2.80,USD,1,,
709,2.40,USD,1,,
710,2.40,USD,1,,
711,2.40,USD,1,,
712,2.40,USD,1,,
713,2.40,USD,1,,
714,2.40,USD,1,,
715,7.10,USD,1,,
716,2.40,USD,1,,
717,2.40,USD,1,,
718,3.10,USD,1,,
719,3.55,USD,1,,
720,4.10,USD,1,,
721,4.45,USD,1,,
722,5.05,USD,1,,
723,5.50,USD,1,,
724,4.10,USD,1,,
725,5.45,USD,1,,
726,5.90,USD,1,,
727,5.25,USD,1,,
728,5.20,USD,1,,
729,5.00,USD,1,,
730,4.50,USD,1,,
731,4.35,USD,1,,
732,3.75,USD,1,,
733,3.00,USD,1,,
734,2.40,USD,1,,
735,2.40,USD,1,,
736,4.25,USD,1,,
737,4.25,USD,1,,
738,4.25,USD,1,,
739,4.25,USD,1,,
740,4.50,USD,1,,
741,4.60,USD,1,,
742,4.90,USD,1,,
743,5.10,USD,1,,
744,5.25,USD,1,,
745,9.90,USD,1,,
746,6.05,USD,1,,
747,6.90,USD,1,,
748,7.25,USD,1,,
749,6.10,USD,1,,
750,6.90,USD,1,,
751,5.80,USD,1,,
752,6.10,USD,1,,
753,11.85,USD,1,,
754,6.50,USD,1,,
755,4.95,USD,1,,
756,3.95,USD,1,,
757,3.70,USD,1,,
758,3.40,USD,1,,
759,3.00,USD,1,,
760,2.85,USD,1,,
761,2.65,USD,1,,
762,2.40,USD,1,,
763,2.40,USD,1,,
764,2.40,USD,1,,
765,2.40,USD,1,,
766,7.10,USD,1,,
767,2.40,USD,1,,
768,2.40,USD,1,,
769,3.00,USD,1,,
770,3.55,USD,1,,
771,4.10,USD,1,,
772,4.75,USD,1,,
773,5.15,USD,1,,
774,3.55,USD,1,,
775,5.15,USD,1,,
776,6.10,USD,1,,
777,5.45,USD,1,,
778,5.55,USD,1,,
779,5.20,USD,1,,
780,4.70,USD,1,,
781,4.50,USD,1,,
782,4.05,USD,1,,
783,3.40,USD,1,,
784,2.45,USD,1,,
785,2.40,USD,1,,
786,4.80,USD,1,,
787,4.80,USD,1,,
788,4.80,USD,1,,
789,4.80,USD,1,,
790,5.05,USD,1,,
791,5.15,USD,1,,
792,5.30,USD,1,,
793,5.40,USD,1,,
794,5.60,USD,1,,
795,9.90,USD,1,,
796,5.70,USD,1,,
797,6.60,USD,1,,
798,6.90,USD,1,,
799,6.30,USD,1,,
800,7.10,USD,1,,
801,6.00,USD,1,,
802,6.35,USD,1,,
803,12.10,USD,1,,
804,6.75,USD,1,,
805,4.70,USD,1,,
806,4.25,USD,1,,
807,3.95,USD,1,,
808,3.75,USD,1,,
809,3.40,USD,1,,
810,3.20,USD,1,,
811,3.05,USD,1,,
812,2.75,USD,1,,
813,2.40,USD,1,,
814,2.40,USD,1,,
815,2.40,USD,1,,
816,2.40,USD,1,,
817,7.10,USD,1,,
818,2.40,USD,1,,
819,2.40,USD,1,,
820,3.15,USD,1,,
821,3.75,USD,1,,
822,4.50,USD,1,,
823,4.95,USD,1,,
824,3.15,USD,1,,
825,4.90,USD,1,,
826,6.35,USD,1,,
827,5.70,USD,1,,
828,5.80,USD,1,,
829,5.45,USD,1,,
830,4.95,USD,1,,
831,4.75,USD,1,,
832,4.30,USD,1,,
833,3.85,USD,1,,
834,2.85,USD,1,,
835,2.70,USD,1,,
836,5.20,USD,1,,
837,5.20,USD,1,,
838,5.20,USD,1,,
839,5.20,USD,1,,
840,5.35,USD,1,,
841,5.40,USD,1,,
842,5.55,USD,1,,
843,5.65,USD,1,,
844,5.80,USD,1,,
845,7.45,USD,1,,
846,5.45,USD,1,,
847,6.35,USD,1,,
848,6.65,USD,1,,
849,6.55,USD,1,,
850,7.30,USD,1,,
851,6.35,USD,1,,
852,6.70,USD,1,,
853,12.45,USD,1,,
854,7.10,USD,1,,
855,4.35,USD,1,,
856,4.60,USD,1,,
857,4.35,USD,1,,
858,4.15,USD,1,,
859,3.90,USD,1,,
860,3.80,USD,1,,
861,3.60,USD,1,,
862,3.35,USD,1,,
863,3.10,USD,1,,
864,3.10,USD,1,,
865,3.10,USD,1,,
866,2.40,USD,1,,
867,2.40,USD,1,,
868,7.10,USD,1,,
869,2.40,USD,1,,
870,2.40,USD,1,,
871,3.15,USD,1,,
872,4.05,USD,1,,
873,4.55,USD,1,,
874,2.40,USD,1,,
875,4.55,USD,1,,
876,6.70,USD,1,,
877,6.05,USD,1,,
878,6.15,USD,1,,
879,5.80,USD,1,,
880,5.30,USD,1,,
881,5.10,USD,1,,
882,4.70,USD,1,,
883,4.20,USD,1,,
884,3.40,USD,1,,
885,3.30,USD,1,,
886,5.60,USD,1,,
887,5.60,USD,1,,
888,5.60,USD,1,,
889,5.60,USD,1,,
890,5.70,USD,1,,
891,5.75,USD,1,,
892,5.95,USD,1,,
893,6.05,USD,1,,
894,6.15,USD,1,,
895,9.90,USD,1,,
896,5.10,USD,1,,
897,6.00,USD,1,,
898,6.30,USD,1,,
899,6.90,USD,1,,
900,7.70,USD,1,,
901,6.65,USD,1,,
902,7.00,USD,1,,
903,12.75,USD,1,,
904,7.40,USD,1,,
905,2.40,USD,1,,
906,4.90,USD,1,,
907,4.60,USD,1,,
908,4.40,USD,1,,
909,4.20,USD,1,,
910,4.15,USD,1,,
911,4.00,USD,1,,
912,3.80,USD,1,,
913,3.55,USD,1,,
914,3.55,USD,1,,
915,3.55,USD,1,,
916,3.00,USD,1,,
917,2.40,USD,1,,
918,2.40,USD,1,,
919,7.10,USD,1,,
920,2.40,USD,1,,
921,2.40,USD,1,,
922,2.40,USD,1,,
923,2.40,USD,1,,
924,2.40,USD,1,,
925,2.40,USD,1,,
926,7.00,USD,1,,
927,6.35,USD,1,,
928,6.45,USD,1,,
929,6.10,USD,1,,
930,5.60,USD,1,,
931,5.40,USD,1,,
932,4.95,USD,1,,
933,4.50,USD,1,,
934,3.80,USD,1,,
935,3.75,USD,1,,
936,5.90,USD,1,,
937,5.90,USD,1,,
938,5.90,USD,1,,
939,5.90,USD,1,,
940,6.00,USD,1,,
941,6.05,USD,1,,
942,6.25,USD,1,,
943,6.30,USD,1,,
944,6.45,USD,1,,
945,9.90,USD,1,,
946,4.80,USD,1,,
947,5.70,USD,1,,
948,6.00,USD,1,,
949,7.20,USD,1,,
950,7.95,USD,1,,
951,7.00,USD,1,,
952,7.35,USD,1,,
953,13.10,USD,1,,
954,7.75,USD,1,,
955,4.40,USD,1,,
956,5.20,USD,1,,
957,5.00,USD,1,,
958,4.80,USD,1,,
959,4.55,USD,1,,
960,4.45,USD,1,,
961,4.35,USD,1,,
962,4.20,USD,1,,
963,4.10,USD,1,,
964,4.10,USD,1,,
965,4.10,USD,1,,
966,3.55,USD,1,,
967,3.15,USD,1,,
968,2.40,USD,1,,
969,2.40,USD,1,,
970,7.10,USD,1,,
971,2.40,USD,1,,
972,2.40,USD,1,,
973,2.40,USD,1,,
974,2.40,USD,1,,
975,4.60,USD,1,,
976,7.35,USD,1,,
977,6.70,USD,1,,
978,6.80,USD,1,,
979,6.45,USD,1,,
980,5.95,USD,1,,
981,5.75,USD,1,,
982,5.30,USD,1,,
983,4.85,USD,1,,
984,4.20,USD,1,,
985,4.20,USD,1,,
986,6.25,USD,1,,
987,6.25,USD,1,,
988,6.25,USD,1,,
989,6.25,USD,1,,
990,6.35,USD,1,,
991,6.40,USD,1,,
992,6.55,USD,1,,
993,6.65,USD,1,,
994,6.80,USD,1,,
995,10.65,USD,1,,
996,4.45,USD,1,,
997,5.35,USD,1,,
998,5.65,USD,1,,
999,7.55,USD,1,,
1000,8.30,USD,1,,
1001,7.40,USD,1,,
1002,7.70,USD,1,,
1003,13.45,USD,1,,
1004,8.10,USD,1,,
1005,4.75,USD,1,,
1006,5.60,USD,1,,
1007,5.35,USD,1,,
1008,5.15,USD,1,,
1009,4.90,USD,1,,
1010,4.85,USD,1,,
1011,4.75,USD,1,,
1012,4.55,USD,1,,
1013,4.45,USD,1,,
1014,4.45,USD,1,,
1015,4.45,USD,1,,
1016,4.10,USD,1,,
1017,3.75,USD,1,,
1018,3.15,USD,1,,
1019,2.40,USD,1,,
1020,2.40,USD,1,,
1021,7.10,USD,1,,
1022,2.40,USD,1,,
1023,2.40,USD,1,,
1024,3.25,USD,1,,
1025,4.95,USD,1,,
1026,7.70,USD,1,,
1027,7.05,USD,1,,
1028,7.15,USD,1,,
1029,6.80,USD,1,,
1030,6.30,USD,1,,
1031,6.15,USD,1,,
1032,5.70,USD,1,,
1033,5.20,USD,1,,
1034,4.55,USD,1,,
1035,4.60,USD,1,,
1036,6.60,USD,1,,
1037,6.60,USD,1,,
1038,6.60,USD,1,,
1039,6.60,USD,1,,
1040,6.70,USD,1,,
1041,6.75,USD,1,,
1042,6.95,USD,1,,
1043,7.00,USD,1,,
1044,7.20,USD,1,,
1045,11.20,USD,1,,
1046,2.40,USD,1,,
1047,5.00,USD,1,,
1048,5.30,USD,1,,
1049,7.90,USD,1,,
1050,8.70,USD,1,,
1051,8.00,USD,1,,
1052,8.30,USD,1,,
1053,14.05,USD,1,,
1054,8.70,USD,1,,
1055,5.35,USD,1,,
1056,6.20,USD,1,,
1057,5.95,USD,1,,
1058,5.75,USD,1,,
1059,5.50,USD,1,,
1060,5.45,USD,1,,
1061,5.35,USD,1,,
1062,5.20,USD,1,,
1063,5.05,USD,1,,
1064,5.05,USD,1,,
1065,5.05,USD,1,,
1066,4.75,USD,1,,
1067,4.50,USD,1,,
1068,4.05,USD,1,,
1069,2.40,USD,1,,
1070,2.40,USD,1,,
1071,2.40,USD,1,,
1072,7.10,USD,1,,
1073,2.40,USD,1,,
1074,4.15,USD,1,,
1075,5.55,USD,1,,
1076,8.30,USD,1,,
1077,7.65,USD,1,,
1078,7.75,USD,1,,
1079,7.45,USD,1,,
1080,6.90,USD,1,,
1081,6.75,USD,1,,
1082,6.30,USD,1,,
1083,5.80,USD,1,,
1084,5.20,USD,1,,
1085,5.20,USD,1,,
1086,7.20,USD,1,,
1087,7.20,USD,1,,
1088,7.20,USD,1,,
1089,7.20,USD,1,,
1090,7.30,USD,1,,
1091,7.35,USD,1,,
1092,7.55,USD,1,,
1093,7.65,USD,1,,
1094,7.80,USD,1,,
1095,12.00,USD,1,,
1096,2.40,USD,1,,
1097,4.40,USD,1,,
1098,4.70,USD,1,,
1099,8.50,USD,1,,
1100,9.30,USD,1,,
1101,8.40,USD,1,,
1102,8.75,USD,1,,
1103,14.50,USD,1,,
1104,9.15,USD,1,,
1105,5.80,USD,1,,
1106,6.65,USD,1,,
1107,6.40,USD,1,,
1108,6.15,USD,1,,
1109,5.95,USD,1,,
1110,5.85,USD,1,,
1111,5.75,USD,1,,
1112,5.60,USD,1,,
1113,5.50,USD,1,,
1114,5.50,USD,1,,
1115,5.50,USD,1,,
1116,5.15,USD,1,,
1117,4.95,USD,1,,
1118,4.55,USD,1,,
1119,2.40,USD,1,,
1120,2.40,USD,1,,
1121,2.40,USD,1,,
1122,2.40,USD,1,,
1123,7.10,USD,1,,
1124,4.60,USD,1,,
1125,6.00,USD,1,,
1126,8.75,USD,1,,
1127,8.10,USD,1,,
1128,8.20,USD,1,,
1129,7.85,USD,1,,
1130,7.35,USD,1,,
1131,7.15,USD,1,,
1132,6.70,USD,1,,
1133,6.25,USD,1,,
1134,5.60,USD,1,,
1135,5.60,USD,1,,
1136,7.65,USD,1,,
1137,7.65,USD,1,,
1138,7.65,USD,1,,
1139,7.65,USD,1,,
1140,7.70,USD,1,,
1141,7.80,USD,1,,
1142,7.95,USD,1,,
1143,8.05,USD,1,,
1144,8.20,USD,1,,
1145,12.40,USD,1,,
1146,2.40,USD,1,,
1147,3.80,USD,1,,
1148,4.25,USD,1,,
1149,8.95,USD,1,,
1150,9.70,USD,1,,
1151,7.00,USD,1,,
1152,7.35,USD,1,,
1153,13.10,USD,1,,
1154,7.75,USD,1,,
1155,2.40,USD,1,,
1156,5.25,USD,1,,
1157,4.95,USD,1,,
1158,4.75,USD,1,,
1159,4.55,USD,1,,
1160,4.50,USD,1,,
1161,4.35,USD,1,,
1162,4.20,USD,1,,
1163,4.10,USD,1,,
1164,4.10,USD,1,,
1165,4.10,USD,1,,
1166,3.55,USD,1,,
1167,3.15,USD,1,,
1168,2.40,USD,1,,
1169,2.40,USD,1,,
1170,2.40,USD,1,,
1171,3.25,USD,1,,
1172,4.15,USD,1,,
1173,4.60,USD,1,,
1174,7.10,USD,1,,
1175,2.40,USD,1,,
1176,7.35,USD,1,,
1177,6.70,USD,1,,
1178,6.80,USD,1,,
1179,6.45,USD,1,,
1180,5.95,USD,1,,
1181,5.75,USD,1,,
1182,5.30,USD,1,,
1183,4.85,USD,1,,
1184,4.20,USD,1,,
1185,4.20,USD,1,,
1186,6.25,USD,1,,
1187,6.25,USD,1,,
1188,6.25,USD,1,,
1189,6.25,USD,1,,
1190,6.30,USD,1,,
1191,6.40,USD,1,,
1192,6.60,USD,1,,
1193,6.65,USD,1,,
1194,6.80,USD,1,,
1195,10.65,USD,1,,
1196,5.15,USD,1,,
1197,6.05,USD,1,,
1198,6.35,USD,1,,
1199,7.55,USD,1,,
1200,8.30,USD,1,,
1201,8.40,USD,1,,
1202,8.70,USD,1,,
1203,14.45,USD,1,,
1204,9.10,USD,1,,
1205,2.40,USD,1,,
1206,6.60,USD,1,,
1207,6.35,USD,1,,
1208,6.15,USD,1,,
1209,5.90,USD,1,,
1210,5.85,USD,1,,
1211,5.75,USD,1,,
1212,5.60,USD,1,,
1213,5.45,USD,1,,
1214,5.45,USD,1,,
1215,5.45,USD,1,,
1216,5.15,USD,1,,
1217,4.90,USD,1,,
1218,4.55,USD,1,,
1219,2.40,USD,1,,
1220,4.60,USD,1,,
1221,4.95,USD,1,,
1222,5.55,USD,1,,
1223,6.00,USD,1,,
1224,2.40,USD,1,,
1225,7.10,USD,1,,
1226,8.70,USD,1,,
1227,8.05,USD,1,,
1228,8.15,USD,1,,
1229,7.80,USD,1,,
1230,7.30,USD,1,,
1231,7.15,USD,1,,
1232,6.70,USD,1,,
1233,6.20,USD,1,,
1234,5.60,USD,1,,
1235,5.60,USD,1,,
1236,7.60,USD,1,,
1237,7.60,USD,1,,
1238,7.60,USD,1,,
1239,7.60,USD,1,,
1240,7.70,USD,1,,
1241,7.75,USD,1,,
1242,7.95,USD,1,,
1243,8.05,USD,1,,
1244,8.20,USD,1,,
1245,12.35,USD,1,,
1246,6.55,USD,1,,
1247,7.40,USD,1,,
1248,7.70,USD,1,,
1249,8.90,USD,1,,
1250,9.70,USD,1,,
1251,8.90,USD,1,,
1252,9.20,USD,1,,
1253,14.95,USD,1,,
1254,9.60,USD,1,,
1255,8.50,USD,1,,
1256,6.65,USD,1,,
1257,6.40,USD,1,,
1258,6.20,USD,1,,
1259,6.00,USD,1,,
1260,5.90,USD,1,,
1261,5.85,USD,1,,
1262,5.85,USD,1,,
1263,5.90,USD,1,,
1264,5.90,USD,1,,
1265,5.90,USD,1,,
1266,6.10,USD,1,,
1267,6.35,USD,1,,
1268,6.70,USD,1,,
1269,7.00,USD,1,,
1270,7.35,USD,1,,
1271,7.70,USD,1,,
1272,8.30,USD,1,,
1273,8.75,USD,1,,
1274,7.35,USD,1,,
1275,8.70,USD,1,,
1276,7.10,USD,1,,
1277,2.40,USD,1,,
1278,8.65,USD,1,,
1279,2.40,USD,1,,
1280,2.40,USD,1,,
1281,2.40,USD,1,,
1282,4.55,USD,1,,
1283,5.05,USD,1,,
1284,5.70,USD,1,,
1285,6.10,USD,1,,
1286,8.10,USD,1,,
1287,8.10,USD,1,,
1288,8.10,USD,1,,
1289,8.10,USD,1,,
1290,8.20,USD,1,,
1291,8.25,USD,1,,
1292,8.45,USD,1,,
1293,8.55,USD,1,,
1294,8.70,USD,1,,
1295,13.80,USD,1,,
1296,9.25,USD,1,,
1297,10.15,USD,1,,
1298,10.45,USD,1,,
1299,2.40,USD,1,,
1300,2.40,USD,1,,
1301,8.25,USD,1,,
1302,8.60,USD,1,,
1303,14.35,USD,1,,
1304,9.00,USD,1,,
1305,7.85,USD,1,,
1306,6.05,USD,1,,
1307,5.80,USD,1,,
1308,5.60,USD,1,,
1309,5.35,USD,1,,
1310,5.30,USD,1,,
1311,5.25,USD,1,,
1312,5.25,USD,1,,
1313,5.25,USD,1,,
1314,5.25,USD,1,,
1315,5.25,USD,1,,
1316,5.45,USD,1,,
1317,5.70,USD,1,,
1318,6.05,USD,1,,
1319,6.35,USD,1,,
1320,6.70,USD,1,,
1321,7.05,USD,1,,
1322,7.65,USD,1,,
1323,8.10,USD,1,,
1324,6.70,USD,1,,
1325,8.05,USD,1,,
1326,2.40,USD,1,,
1327,7.10,USD,1,,
1328,8.05,USD,1,,
1329,2.40,USD,1,,
1330,2.40,USD,1,,
1331,2.40,USD,1,,
1332,3.75,USD,1,,
1333,4.40,USD,1,,
1334,5.05,USD,1,,
1335,5.45,USD,1,,
1336,7.45,USD,1,,
1337,7.45,USD,1,,
1338,7.45,USD,1,,
1339,7.45,USD,1,,
1340,7.55,USD,1,,
1341,7.65,USD,1,,
1342,7.80,USD,1,,
1343,7.90,USD,1,,
1344,8.05,USD,1,,
1345,13.15,USD,1,,
1346,8.65,USD,1,,
1347,9.50,USD,1,,
1348,9.85,USD,1,,
1349,2.40,USD,1,,
1350,4.20,USD,1,,
1351,4.00,USD,1,,
1352,4.00,USD,1,,
1353,9.90,USD,1,,
1354,4.65,USD,1,,
1355,7.95,USD,1,,
1356,6.35,USD,1,,
1357,6.10,USD,1,,
1358,5.90,USD,1,,
1359,5.65,USD,1,,
1360,5.60,USD,1,,
1361,5.45,USD,1,,
1362,5.30,USD,1,,
1363,5.20,USD,1,,
1364,5.20,USD,1,,
1365,5.20,USD,1,,
1366,5.55,USD,1,,
1367,5.80,USD,1,,
1368,6.15,USD,1,,
1369,6.45,USD,1,,
1370,6.80,USD,1,,
1371,7.15,USD,1,,
1372,7.75,USD,1,,
1373,8.20,USD,1,,
1374,6.80,USD,1,,
1375,8.15,USD,1,,
1376,8.65,USD,1,,
1377,8.05,USD,1,,
1378,7.10,USD,1,,
1379,7.80,USD,1,,
1380,7.25,USD,1,,
1381,7.10,USD,1,,
1382,6.65,USD,1,,
1383,6.15,USD,1,,
1384,5.50,USD,1,,
1385,5.10,USD,1,,
1386,4.50,USD,1,,
1387,4.50,USD,1,,
1388,4.50,USD,1,,
1389,4.50,USD,1,,
1390,4.30,USD,1,,
1391,4.15,USD,1,,
1392,4.00,USD,1,,
1393,4.00,USD,1,,
1394,4.00,USD,1,,
1395,13.25,USD,1,,
1396,8.70,USD,1,,
1397,9.60,USD,1,,
1398,9.90,USD,1,,
1399,8.85,USD,1,,
1400,9.65,USD,1,,
1401,8.00,USD,1,,
1402,8.35,USD,1,,
1403,14.10,USD,1,,
1404,8.75,USD,1,,
1405,7.60,USD,1,,
1406,5.80,USD,1,,
1407,5.55,USD,1,,
1408,5.35,USD,1,,
1409,5.10,USD,1,,
1410,5.05,USD,1,,
1411,5.00,USD,1,,
1412,5.00,USD,1,,
1413,5.00,USD,1,,
1414,5.00,USD,1,,
1415,5.00,USD,1,,
1416,5.20,USD,1,,
1417,5.45,USD,1,,
1418,5.80,USD,1,,
1419,6.10,USD,1,,
1420,6.45,USD,1,,
1421,6.80,USD,1,,
1422,7.45,USD,1,,
1423,7.85,USD,1,,
1424,6.45,USD,1,,
1425,7.80,USD,1,,
1426,2.40,USD,1,,
1427,2.40,USD,1,,
1428,7.80,USD,1,,
1429,7.10,USD,1,,
1430,2.40,USD,1,,
1431,2.40,USD,1,,
1432,2.40,USD,1,,
1433,2.40,USD,1,,
1434,4.80,USD,1,,
1435,5.20,USD,1,,
1436,7.20,USD,1,,
1437,7.20,USD,1,,
1438,7.20,USD,1,,
1439,7.20,USD,1,,
1440,7.30,USD,1,,
1441,7.40,USD,1,,
1442,7.55,USD,1,,
1443,7.65,USD,1,,
1444,7.80,USD,1,,
1445,12.90,USD,1,,
1446,8.40,USD,1,,
1447,9.25,USD,1,,
1448,9.60,USD,1,,
1449,2.40,USD,1,,
1450,4.40,USD,1,,
1451,7.50,USD,1,,
1452,7.80,USD,1,,
1453,13.55,USD,1,,
1454,8.25,USD,1,,
1455,7.10,USD,1,,
1456,5.30,USD,1,,
1457,5.05,USD,1,,
1458,4.85,USD,1,,
1459,4.60,USD,1,,
1460,4.50,USD,1,,
1461,4.50,USD,1,,
1462,4.50,USD,1,,
1463,4.50,USD,1,,
1464,4.50,USD,1,,
1465,4.50,USD,1,,
1466,4.70,USD,1,,
1467,4.95,USD,1,,
1468,5.30,USD,1,,
1469,5.60,USD,1,,
1470,5.95,USD,1,,
1471,6.30,USD,1,,
1472,6.90,USD,1,,
1473,7.35,USD,1,,
1474,5.95,USD,1,,
1475,7.30,USD,1,,
1476,2.40,USD,1,,
1477,2.40,USD,1,,
1478,7.25,USD,1,,
1479,2.40,USD,1,,
1480,7.10,USD,1,,
1481,2.40,USD,1,,
1482,2.40,USD,1,,
1483,2.40,USD,1,,
1484,4.30,USD,1,,
1485,4.70,USD,1,,
1486,6.75,USD,1,,
1487,6.75,USD,1,,
1488,6.75,USD,1,,
1489,6.75,USD,1,,
1490,6.80,USD,1,,
1491,6.90,USD,1,,
1492,7.05,USD,1,,
1493,7.15,USD,1,,
1494,7.30,USD,1,,
1495,12.40,USD,1,,
1496,7.85,USD,1,,
1497,8.75,USD,1,,
1498,9.05,USD,1,,
1499,4.15,USD,1,,
1500,4.90,USD,1,,
1501,7.30,USD,1,,
1502,7.65,USD,1,,
1503,13.40,USD,1,,
1504,8.05,USD,1,,
1505,6.90,USD,1,,
1506,5.10,USD,1,,
1507,4.85,USD,1,,
1508,4.65,USD,1,,
1509,4.40,USD,1,,
1510,4.35,USD,1,,
1511,4.25,USD,1,,
1512,4.25,USD,1,,
1513,4.35,USD,1,,
1514,4.35,USD,1,,
1515,4.35,USD,1,,
1516,4.50,USD,1,,
1517,4.75,USD,1,,
1518,5.10,USD,1,,
1519,5.40,USD,1,,
1520,5.75,USD,1,,
1521,6.15,USD,1,,
1522,6.75,USD,1,,
1523,7.15,USD,1,,
1524,5.75,USD,1,,
1525,7.15,USD,1,,
1526,2.40,USD,1,,
1527,2.40,USD,1,,
1528,7.10,USD,1,,
1529,2.40,USD,1,,
1530,2.40,USD,1,,
1531,7.10,USD,1,,
1532,2.40,USD,1,,
1533,2.40,USD,1,,
1534,4.00,USD,1,,
1535,4.50,USD,1,,
1536,6.55,USD,1,,
1537,6.55,USD,1,,
1538,6.55,USD,1,,
1539,6.55,USD,1,,
1540,6.60,USD,1,,
1541,6.70,USD,1,,
1542,6.85,USD,1,,
1543,6.95,USD,1,,
1544,7.10,USD,1,,
1545,12.25,USD,1,,
1546,7.70,USD,1,,
1547,8.60,USD,1,,
1548,8.90,USD,1,,
1549,4.30,USD,1,,
1550,5.10,USD,1,,
1551,6.85,USD,1,,
1552,7.20,USD,1,,
1553,12.95,USD,1,,
1554,7.60,USD,1,,
1555,6.50,USD,1,,
1556,4.65,USD,1,,
1557,4.40,USD,1,,
1558,4.20,USD,1,,
1559,3.95,USD,1,,
1560,3.85,USD,1,,
1561,3.65,USD,1,,
1562,3.55,USD,1,,
1563,3.75,USD,1,,
1564,3.75,USD,1,,
1565,3.75,USD,1,,
1566,4.05,USD,1,,
1567,4.30,USD,1,,
1568,4.70,USD,1,,
1569,4.95,USD,1,,
1570,5.30,USD,1,,
1571,5.70,USD,1,,
1572,6.30,USD,1,,
1573,6.70,USD,1,,
1574,5.30,USD,1,,
1575,6.70,USD,1,,
1576,4.55,USD,1,,
1577,3.75,USD,1,,
1578,6.65,USD,1,,
1579,2.40,USD,1,,
1580,2.40,USD,1,,
1581,2.40,USD,1,,
1582,7.10,USD,1,,
1583,2.40,USD,1,,
1584,3.30,USD,1,,
1585,4.05,USD,1,,
1586,6.10,USD,1,,
1587,6.10,USD,1,,
1588,6.10,USD,1,,
1589,6.10,USD,1,,
1590,6.20,USD,1,,
1591,6.25,USD,1,,
1592,6.45,USD,1,,
1593,6.50,USD,1,,
1594,6.65,USD,1,,
1595,11.80,USD,1,,
1596,7.25,USD,1,,
1597,8.15,USD,1,,
1598,8.45,USD,1,,
1599,4.75,USD,1,,
1600,5.55,USD,1,,
1601,6.40,USD,1,,
1602,6.70,USD,1,,
1603,12.45,USD,1,,
1604,7.15,USD,1,,
1605,6.00,USD,1,,
1606,4.15,USD,1,,
1607,3.95,USD,1,,
1608,3.65,USD,1,,
1609,3.25,USD,1,,
1610,3.10,USD,1,,
1611,2.90,USD,1,,
1612,2.40,USD,1,,
1613,3.00,USD,1,,
1614,3.00,USD,1,,
1615,3.00,USD,1,,
1616,3.40,USD,1,,
1617,3.85,USD,1,,
1618,4.20,USD,1,,
1619,4.50,USD,1,,
1620,4.85,USD,1,,
1621,5.20,USD,1,,
1622,5.80,USD,1,,
1623,6.25,USD,1,,
1624,4.85,USD,1,,
1625,6.20,USD,1,,
1626,5.05,USD,1,,
1627,4.40,USD,1,,
1628,6.15,USD,1,,
1629,2.40,USD,1,,
1630,2.40,USD,1,,
1631,2.40,USD,1,,
1632,2.40,USD,1,,
1633,7.10,USD,1,,
1634,2.40,USD,1,,
1635,3.30,USD,1,,
1636,5.60,USD,1,,
1637,5.60,USD,1,,
1638,5.60,USD,1,,
1639,5.60,USD,1,,
1640,5.70,USD,1,,
1641,5.80,USD,1,,
1642,5.95,USD,1,,
1643,6.05,USD,1,,
1644,6.20,USD,1,,
1645,11.30,USD,1,,
1646,6.75,USD,1,,
1647,7.65,USD,1,,
1648,7.95,USD,1,,
1649,5.25,USD,1,,
1650,6.00,USD,1,,
1651,5.70,USD,1,,
1652,6.05,USD,1,,
1653,11.80,USD,1,,
1654,6.45,USD,1,,
1655,5.35,USD,1,,
1656,3.35,USD,1,,
1657,2.95,USD,1,,
1658,2.65,USD,1,,
1659,2.40,USD,1,,
1660,2.40,USD,1,,
1661,2.40,USD,1,,
1662,2.40,USD,1,,
1663,2.40,USD,1,,
1664,2.40,USD,1,,
1665,2.40,USD,1,,
1666,2.45,USD,1,,
1667,2.85,USD,1,,
1668,3.40,USD,1,,
1669,3.80,USD,1,,
1670,4.20,USD,1,,
1671,4.55,USD,1,,
1672,5.20,USD,1,,
1673,5.60,USD,1,,
1674,4.20,USD,1,,
1675,5.60,USD,1,,
1676,5.70,USD,1,,
1677,5.05,USD,1,,
1678,5.50,USD,1,,
1679,4.80,USD,1,,
1680,4.30,USD,1,,
1681,4.00,USD,1,,
1682,3.30,USD,1,,
1683,2.40,USD,1,,
1684,7.10,USD,1,,
1685,2.40,USD,1,,
1686,4.80,USD,1,,
1687,4.80,USD,1,,
1688,4.80,USD,1,,
1689,4.80,USD,1,,
1690,5.00,USD,1,,
1691,5.10,USD,1,,
1692,5.25,USD,1,,
1693,5.35,USD,1,,
1694,5.50,USD,1,,
1695,10.30,USD,1,,
1696,6.15,USD,1,,
1697,7.05,USD,1,,
1698,7.35,USD,1,,
1699,5.90,USD,1,,
1700,6.70,USD,1,,
1701,5.35,USD,1,,
1702,5.65,USD,1,,
1703,11.40,USD,1,,
1704,6.05,USD,1,,
1705,5.40,USD,1,,
1706,3.75,USD,1,,
1707,3.35,USD,1,,
1708,3.05,USD,1,,
1709,2.65,USD,1,,
1710,2.50,USD,1,,
1711,2.40,USD,1,,
1712,2.40,USD,1,,
1713,2.40,USD,1,,
1714,2.40,USD,1,,
1715,2.40,USD,1,,
1716,2.40,USD,1,,
1717,2.70,USD,1,,
1718,3.30,USD,1,,
1719,3.75,USD,1,,
1720,4.20,USD,1,,
1721,4.60,USD,1,,
1722,5.20,USD,1,,
1723,5.60,USD,1,,
1724,4.20,USD,1,,
1725,5.60,USD,1,,
1726,6.10,USD,1,,
1727,5.45,USD,1,,
1728,5.10,USD,1,,
1729,5.20,USD,1,,
1730,4.70,USD,1,,
1731,4.50,USD,1,,
1732,4.05,USD,1,,
1733,3.30,USD,1,,
1734,2.40,USD,1,,
1735,7.10,USD,1,,
1736,3.95,USD,1,,
1737,3.95,USD,1,,
1738,3.95,USD,1,,
1739,3.95,USD,1,,
1740,4.30,USD,1,,
1741,4.40,USD,1,,
1742,4.70,USD,1,,
1743,4.90,USD,1,,
1744,5.15,USD,1,,
1745,10.15,USD,1,,
1746,6.15,USD,1,,
1747,7.05,USD,1,,
1748,7.35,USD,1,,
1749,6.25,USD,1,,
1750,7.05,USD,1,,
1751,4.85,USD,1,,
1752,5.35,USD,1,,
1753,11.15,USD,1,,
1754,5.80,USD,1,,
1755,7.40,USD,1,,
1756,5.80,USD,1,,
1757,5.55,USD,1,,
1758,5.35,USD,1,,
1759,5.10,USD,1,,
1760,5.00,USD,1,,
1761,4.80,USD,1,,
1762,4.50,USD,1,,
1763,4.25,USD,1,,
1764,4.25,USD,1,,
1765,4.25,USD,1,,
1766,4.80,USD,1,,
1767,5.20,USD,1,,
1768,5.60,USD,1,,
1769,5.90,USD,1,,
1770,6.25,USD,1,,
1771,6.60,USD,1,,
1772,7.20,USD,1,,
1773,7.65,USD,1,,
1774,6.25,USD,1,,
1775,7.60,USD,1,,
1776,8.10,USD,1,,
1777,7.45,USD,1,,
1778,4.50,USD,1,,
1779,7.20,USD,1,,
1780,6.75,USD,1,,
1781,6.55,USD,1,,
1782,6.10,USD,1,,
1783,5.60,USD,1,,
1784,4.80,USD,1,,
1785,3.95,USD,1,,
1786,7.10,USD,1,,
1787,2.40,USD,1,,
1788,2.40,USD,1,,
1789,2.40,USD,1,,
1790,2.40,USD,1,,
1791,2.40,USD,1,,
1792,2.40,USD,1,,
1793,2.40,USD,1,,
1794,4.05,USD,1,,
1795,12.65,USD,1,,
1796,8.15,USD,1,,
1797,9.05,USD,1,,
1798,9.35,USD,1,,
1799,8.30,USD,1,,
1800,9.10,USD,1,,
1801,4.85,USD,1,,
1802,5.35,USD,1,,
1803,11.15,USD,1,,
1804,5.80,USD,1,,
1805,7.40,USD,1,,
1806,5.80,USD,1,,
1807,5.55,USD,1,,
1808,5.35,USD,1,,
1809,5.10,USD,1,,
1810,5.00,USD,1,,
1811,4.80,USD,1,,
1812,4.50,USD,1,,
1813,4.25,USD,1,,
1814,4.25,USD,1,,
1815,4.25,USD,1,,
1816,4.80,USD,1,,
1817,5.20,USD,1,,
1818,5.60,USD,1,,
1819,5.90,USD,1,,
1820,6.25,USD,1,,
1821,6.60,USD,1,,
1822,7.20,USD,1,,
1823,7.65,USD,1,,
1824,6.25,USD,1,,
1825,7.60,USD,1,,
1826,8.10,USD,1,,
1827,7.45,USD,1,,
1828,4.50,USD,1,,
1829,7.20,USD,1,,
1830,6.75,USD,1,,
1831,6.55,USD,1,,
1832,6.10,USD,1,,
1833,5.60,USD,1,,
1834,4.80,USD,1,,
1835,3.95,USD,1,,
1836,2.40,USD,1,,
1837,7.10,USD,1,,
1838,2.40,USD,1,,
1839,2.40,USD,1,,
1840,2.40,USD,1,,
1841,2.40,USD,1,,
1842,2.40,USD,1,,
1843,2.40,USD,1,,
1844,4.05,USD,1,,
1845,12.65,USD,1,,
1846,8.15,USD,1,,
1847,9.05,USD,1,,
1848,9.35,USD,1,,
1849,8.30,USD,1,,
1850,9.10,USD,1,,
1851,4.85,USD,1,,
1852,5.35,USD,1,,
1853,11.15,USD,1,,
1854,5.80,USD,1,,
1855,7.40,USD,1,,
1856,5.80,USD,1,,
1857,5.55,USD,1,,
1858,5.35,USD,1,,
1859,5.10,USD,1,,
1860,5.00,USD,1,,
1861,4.80,USD,1,,
1862,4.50,USD,1,,
1863,4.25,USD,1,,
1864,4.25,USD,1,,
1865,4.25,USD,1,,
1866,4.80,USD,1,,
1867,5.20,USD,1,,
1868,5.60,USD,1,,
1869,5.90,USD,1,,
1870,6.25,USD,1,,
1871,6.60,USD,1,,
1872,7.20,USD,1,,
1873,7.65,USD,1,,
1874,6.25,USD,1,,
1875,7.60,USD,1,,
1876,8.10,USD,1,,
1877,7.45,USD,1,,
1878,4.50,USD,1,,
1879,7.20,USD,1,,
1880,6.75,USD,1,,
1881,6.55,USD,1,,
1882,6.10,USD,1,,
1883,5.60,USD,1,,
1884,4.80,USD,1,,
1885,3.95,USD,1,,
1886,2.40,USD,1,,
1887,2.40,USD,1,,
1888,7.10,USD,1,,
1889,2.40,USD,1,,
1890,2.40,USD,1,,
1891,2.40,USD,1,,
1892,2.40,USD,1,,
1893,2.40,USD,1,,
1894,4.05,USD,1,,
1895,12.65,USD,1,,
1896,8.15,USD,1,,
1897,9.05,USD,1,,
1898,9.35,USD,1,,
1899,8.30,USD,1,,
1900,9.10,USD,1,,
1901,4.85,USD,1,,
1902,5.35,USD,1,,
1903,11.15,USD,1,,
1904,5.80,USD,1,,
1905,7.40,USD,1,,
1906,5.80,USD,1,,
1907,5.55,USD,1,,
1908,5.35,USD,1,,
1909,5.10,USD,1,,
1910,5.00,USD,1,,
1911,4.80,USD,1,,
1912,4.50,USD,1,,
1913,4.25,USD,1,,
1914,4.25,USD,1,,
1915,4.25,USD,1,,
1916,4.80,USD,1,,
1917,5.20,USD,1,,
1918,5.60,USD,1,,
1919,5.90,USD,1,,
1920,6.25,USD,1,,
1921,6.60,USD,1,,
1922,7.20,USD,1,,
1923,7.65,USD,1,,
1924,6.25,USD,1,,
1925,7.60,USD,1,,
1926,8.10,USD,1,,
1927,7.45,USD,1,,
1928,4.50,USD,1,,
1929,7.20,USD,1,,
1930,6.75,USD,1,,
1931,6.55,USD,1,,
1932,6.10,USD,1,,
1933,5.60,USD,1,,
1934,4.80,USD,1,,
1935,3.95,USD,1,,
1936,2.40,USD,1,,
1937,2.40,USD,1,,
1938,2.40,USD,1,,
1939,7.10,USD,1,,
1940,2.40,USD,1,,
1941,2.40,USD,1,,
1942,2.40,USD,1,,
1943,2.40,USD,1,,
1944,4.05,USD,1,,
1945,12.65,USD,1,,
1946,8.15,USD,1,,
1947,9.05,USD,1,,
1948,9.35,USD,1,,
1949,8.30,USD,1,,
1950,9.10,USD,1,,
1951,4.65,USD,1,,
1952,5.15,USD,1,,
1953,11.05,USD,1,,
1954,5.70,USD,1,,
1955,7.50,USD,1,,
1956,5.90,USD,1,,
1957,5.65,USD,1,,
1958,5.40,USD,1,,
1959,5.20,USD,1,,
1960,5.15,USD,1,,
1961,5.00,USD,1,,
1962,4.75,USD,1,,
1963,4.50,USD,1,,
1964,4.50,USD,1,,
1965,4.50,USD,1,,
1966,5.05,USD,1,,
1967,5.35,USD,1,,
1968,5.70,USD,1,,
1969,6.00,USD,1,,
1970,6.35,USD,1,,
1971,6.70,USD,1,,
1972,7.30,USD,1,,
1973,7.70,USD,1,,
1974,6.30,USD,1,,
1975,7.70,USD,1,,
1976,8.20,USD,1,,
1977,7.55,USD,1,,
1978,4.30,USD,1,,
1979,7.30,USD,1,,
1980,6.80,USD,1,,
1981,6.60,USD,1,,
1982,6.20,USD,1,,
1983,5.70,USD,1,,
1984,5.00,USD,1,,
1985,4.30,USD,1,,
1986,2.40,USD,1,,
1987,2.40,USD,1,,
1988,2.40,USD,1,,
1989,2.40,USD,1,,
1990,7.10,USD,1,,
1991,2.40,USD,1,,
1992,2.40,USD,1,,
1993,2.40,USD,1,,
1994,3.80,USD,1,,
1995,12.80,USD,1,,
1996,8.25,USD,1,,
1997,9.15,USD,1,,
1998,9.45,USD,1,,
1999,8.40,USD,1,,
2000,9.20,USD,1,,
2001,4.50,USD,1,,
2002,5.00,USD,1,,
2003,10.90,USD,1,,
2004,5.65,USD,1,,
2005,7.55,USD,1,,
2006,5.95,USD,1,,
2007,5.70,USD,1,,
2008,5.50,USD,1,,
2009,5.25,USD,1,,
2010,5.20,USD,1,,
2011,5.05,USD,1,,
2012,4.85,USD,1,,
2013,4.60,USD,1,,
2014,4.60,USD,1,,
2015,4.60,USD,1,,
2016,5.15,USD,1,,
2017,5.40,USD,1,,
2018,5.75,USD,1,,
2019,6.05,USD,1,,
2020,6.40,USD,1,,
2021,6.75,USD,1,,
2022,7.35,USD,1,,
2023,7.80,USD,1,,
2024,6.40,USD,1,,
2025,7.75,USD,1,,
2026,8.25,USD,1,,
2027,7.65,USD,1,,
2028,4.15,USD,1,,
2029,7.40,USD,1,,
2030,6.90,USD,1,,
2031,6.70,USD,1,,
2032,6.25,USD,1,,
2033,5.80,USD,1,,
2034,5.10,USD,1,,
2035,4.40,USD,1,,
2036,2.40,USD,1,,
2037,2.40,USD,1,,
2038,2.40,USD,1,,
2039,2.40,USD,1,,
2040,2.40,USD,1,,
2041,7.10,USD,1,,
2042,2.40,USD,1,,
2043,2.40,USD,1,,
2044,3.80,USD,1,,
2045,12.85,USD,1,,
2046,8.30,USD,1,,
2047,9.20,USD,1,,
2048,9.50,USD,1,,
2049,8.45,USD,1,,
2050,9.25,USD,1,,
2051,4.20,USD,1,,
2052,4.70,USD,1,,
2053,10.60,USD,1,,
2054,5.35,USD,1,,
2055,7.75,USD,1,,
2056,6.10,USD,1,,
2057,5.85,USD,1,,
2058,5.70,USD,1,,
2059,5.45,USD,1,,
2060,5.35,USD,1,,
2061,5.25,USD,1,,
2062,5.10,USD,1,,
2063,4.90,USD,1,,
2064,4.90,USD,1,,
2065,4.90,USD,1,,
2066,5.30,USD,1,,
2067,5.55,USD,1,,
2068,5.95,USD,1,,
2069,6.25,USD,1,,
2070,6.55,USD,1,,
2071,6.95,USD,1,,
2072,7.55,USD,1,,
2073,7.95,USD,1,,
2074,6.60,USD,1,,
2075,7.95,USD,1,,
2076,8.45,USD,1,,
2077,7.80,USD,1,,
2078,4.00,USD,1,,
2079,7.55,USD,1,,
2080,7.05,USD,1,,
2081,6.85,USD,1,,
2082,6.45,USD,1,,
2083,5.95,USD,1,,
2084,5.25,USD,1,,
2085,4.70,USD,1,,
2086,2.40,USD,1,,
2087,2.40,USD,1,,
2088,2.40,USD,1,,
2089,2.40,USD,1,,
2090,2.40,USD,1,,
2091,2.40,USD,1,,
2092,7.10,USD,1,,
2093,2.40,USD,1,,
2094,3.80,USD,1,,
2095,13.05,USD,1,,
2096,8.50,USD,1,,
2097,9.40,USD,1,,
2098,9.70,USD,1,,
2099,8.65,USD,1,,
2100,9.45,USD,1,,
2101,4.00,USD,1,,
2102,4.55,USD,1,,
2103,10.45,USD,1,,
2104,5.15,USD,1,,
2105,7.80,USD,1,,
2106,6.20,USD,1,,
2107,5.95,USD,1,,
2108,5.75,USD,1,,
2109,5.50,USD,1,,
2110,5.45,USD,1,,
2111,5.35,USD,1,,
2112,5.20,USD,1,,
2113,5.10,USD,1,,
2114,5.10,USD,1,,
2115,5.10,USD,1,,
2116,5.40,USD,1,,
2117,5.65,USD,1,,
2118,6.05,USD,1,,
2119,6.30,USD,1,,
2120,6.65,USD,1,,
2121,7.00,USD,1,,
2122,7.65,USD,1,,
2123,8.05,USD,1,,
2124,6.65,USD,1,,
2125,8.05,USD,1,,
2126,8.55,USD,1,,
2127,7.90,USD,1,,
2128,4.00,USD,1,,
2129,7.65,USD,1,,
2130,7.15,USD,1,,
2131,6.95,USD,1,,
2132,6.50,USD,1,,
2133,6.05,USD,1,,
2134,5.35,USD,1,,
2135,4.90,USD,1,,
2136,2.40,USD,1,,
2137,2.40,USD,1,,
2138,2.40,USD,1,,
2139,2.40,USD,1,,
2140,2.40,USD,1,,
2141,2.40,USD,1,,
2142,2.40,USD,1,,
2143,7.10,USD,1,,
2144,3.80,USD,1,,
2145,13.15,USD,1,,
2146,8.60,USD,1,,
2147,9.50,USD,1,,
2148,9.80,USD,1,,
2149,8.75,USD,1,,
2150,9.50,USD,1,,
2151,4.00,USD,1,,
2152,4.00,USD,1,,
2153,10.15,USD,1,,
2154,4.90,USD,1,,
2155,8.00,USD,1,,
2156,6.40,USD,1,,
2157,6.10,USD,1,,
2158,5.90,USD,1,,
2159,5.70,USD,1,,
2160,5.60,USD,1,,
2161,5.50,USD,1,,
2162,5.35,USD,1,,
2163,5.25,USD,1,,
2164,5.25,USD,1,,
2165,5.25,USD,1,,
2166,5.60,USD,1,,
2167,5.80,USD,1,,
2168,6.15,USD,1,,
2169,6.45,USD,1,,
2170,6.80,USD,1,,
2171,7.20,USD,1,,
2172,7.80,USD,1,,
2173,8.20,USD,1,,
2174,6.80,USD,1,,
2175,8.20,USD,1,,
2176,8.70,USD,1,,
2177,8.05,USD,1,,
2178,4.00,USD,1,,
2179,7.80,USD,1,,
2180,7.30,USD,1,,
2181,7.10,USD,1,,
2182,6.65,USD,1,,
2183,6.20,USD,1,,
2184,5.50,USD,1,,
2185,5.15,USD,1,,
2186,4.05,USD,1,,
2187,4.05,USD,1,,
2188,4.05,USD,1,,
2189,4.05,USD,1,,
2190,3.80,USD,1,,
2191,3.80,USD,1,,
2192,3.80,USD,1,,
2193,3.80,USD,1,,
2194,7.10,USD,1,,
2195,13.30,USD,1,,
2196,8.75,USD,1,,
2197,9.65,USD,1,,
2198,9.95,USD,1,,
2199,8.90,USD,1,,
2200,9.70,USD,1,,
2201,13.50,USD,1,,
2202,13.80,USD,1,,
2203,19.55,USD,1,,
2204,14.20,USD,1,,
2205,12.15,USD,1,,
2206,11.70,USD,1,,
2207,11.45,USD,1,,
2208,11.25,USD,1,,
2209,10.85,USD,1,,
2210,10.70,USD,1,,
2211,10.50,USD,1,,
2212,10.25,USD,1,,
2213,9.90,USD,1,,
2214,9.90,USD,1,,
2215,9.90,USD,1,,
2216,9.90,USD,1,,
2217,7.45,USD,1,,
2218,9.90,USD,1,,
2219,9.90,USD,1,,
2220,10.65,USD,1,,
2221,11.20,USD,1,,
2222,12.00,USD,1,,
2223,12.40,USD,1,,
2224,10.65,USD,1,,
2225,12.35,USD,1,,
2226,13.80,USD,1,,
2227,13.15,USD,1,,
2228,13.25,USD,1,,
2229,12.90,USD,1,,
2230,12.40,USD,1,,
2231,12.25,USD,1,,
2232,11.80,USD,1,,
2233,11.30,USD,1,,
2234,10.30,USD,1,,
2235,10.15,USD,1,,
2236,12.65,USD,1,,
2237,12.65,USD,1,,
2238,12.65,USD,1,,
2239,12.65,USD,1,,
2240,12.80,USD,1,,
2241,12.85,USD,1,,
2242,13.05,USD,1,,
2243,13.15,USD,1,,
2244,13.30,USD,1,,
2245,7.10,USD,1,,
2246,12.95,USD,1,,
2247,13.80,USD,1,,
2248,14.15,USD,1,,
2249,14.00,USD,1,,
2250,14.80,USD,1,,
2251,8.95,USD,1,,
2252,9.25,USD,1,,
2253,15.00,USD,1,,
2254,9.65,USD,1,,
2255,6.30,USD,1,,
2256,7.15,USD,1,,
2257,6.90,USD,1,,
2258,6.70,USD,1,,
2259,6.45,USD,1,,
2260,6.40,USD,1,,
2261,6.30,USD,1,,
2262,6.15,USD,1,,
2263,6.05,USD,1,,
2264,6.05,USD,1,,
2265,6.05,USD,1,,
2266,5.70,USD,1,,
2267,5.45,USD,1,,
2268,5.10,USD,1,,
2269,4.80,USD,1,,
2270,4.45,USD,1,,
2271,2.40,USD,1,,
2272,2.40,USD,1,,
2273,2.40,USD,1,,
2274,5.15,USD,1,,
2275,6.55,USD,1,,
2276,9.25,USD,1,,
2277,8.65,USD,1,,
2278,8.70,USD,1,,
2279,8.40,USD,1,,
2280,7.85,USD,1,,
2281,7.70,USD,1,,
2282,7.25,USD,1,,
2283,6.75,USD,1,,
2284,6.15,USD,1,,
2285,6.15,USD,1,,
2286,8.15,USD,1,,
2287,8.15,USD,1,,
2288,8.15,USD,1,,
2289,8.15,USD,1,,
2290,8.25,USD,1,,
2291,8.30,USD,1,,
2292,8.50,USD,1,,
2293,8.60,USD,1,,
2294,8.75,USD,1,,
2295,12.95,USD,1,,
2296,7.10,USD,1,,
2297,2.95,USD,1,,
2298,3.45,USD,1,,
2299,9.45,USD,1,,
2300,10.25,USD,1,,
2301,9.85,USD,1,,
2302,10.15,USD,1,,
2303,15.90,USD,1,,
2304,10.55,USD,1,,
2305,7.20,USD,1,,
2306,8.05,USD,1,,
2307,7.80,USD,1,,
2308,7.60,USD,1,,
2309,7.35,USD,1,,
2310,7.30,USD,1,,
2311,7.20,USD,1,,
2312,7.05,USD,1,,
2313,6.90,USD,1,,
2314,6.90,USD,1,,
2315,6.90,USD,1,,
2316,6.60,USD,1,,
2317,6.35,USD,1,,
2318,6.00,USD,1,,
2319,5.70,USD,1,,
2320,5.35,USD,1,,
2321,5.00,USD,1,,
2322,4.40,USD,1,,
2323,3.80,USD,1,,
2324,6.05,USD,1,,
2325,7.40,USD,1,,
2326,10.15,USD,1,,
2327,9.50,USD,1,,
2328,9.60,USD,1,,
2329,9.25,USD,1,,
2330,8.75,USD,1,,
2331,8.60,USD,1,,
2332,8.15,USD,1,,
2333,7.65,USD,1,,
2334,7.05,USD,1,,
2335,7.05,USD,1,,
2336,9.05,USD,1,,
2337,9.05,USD,1,,
2338,9.05,USD,1,,
2339,9.05,USD,1,,
2340,9.15,USD,1,,
2341,9.20,USD,1,,
2342,9.40,USD,1,,
2343,9.50,USD,1,,
2344,9.65,USD,1,,
2345,13.80,USD,1,,
2346,2.95,USD,1,,
2347,7.10,USD,1,,
2348,2.40,USD,1,,
2349,10.35,USD,1,,
2350,11.15,USD,1,,
2351,10.15,USD,1,,
2352,10.45,USD,1,,
2353,16.20,USD,1,,
2354,10.85,USD,1,,
2355,7.50,USD,1,,
2356,8.35,USD,1,,
2357,8.10,USD,1,,
2358,7.90,USD,1,,
2359,7.65,USD,1,,
2360,7.60,USD,1,,
2361,7.50,USD,1,,
2362,7.35,USD,1,,
2363,7.25,USD,1,,
2364,7.25,USD,1,,
2365,7.25,USD,1,,
2366,6.90,USD,1,,
2367,6.65,USD,1,,
2368,6.30,USD,1,,
2369,6.00,USD,1,,
2370,5.65,USD,1,,
2371,5.30,USD,1,,
2372,4.70,USD,1,,
2373,4.25,USD,1,,
2374,6.35,USD,1,,
2375,7.70,USD,1,,
2376,10.45,USD,1,,
2377,9.85,USD,1,,
2378,9.90,USD,1,,
2379,9.60,USD,1,,
2380,9.05,USD,1,,
2381,8.90,USD,1,,
2382,8.45,USD,1,,
2383,7.95,USD,1,,
2384,7.35,USD,1,,
2385,7.35,USD,1,,
2386,9.35,USD,1,,
2387,9.35,USD,1,,
2388,9.35,USD,1,,
2389,9.35,USD,1,,
2390,9.45,USD,1,,
2391,9.50,USD,1,,
2392,9.70,USD,1,,
2393,9.80,USD,1,,
2394,9.95,USD,1,,
2395,14.15,USD,1,,
2396,3.45,USD,1,,
2397,2.40,USD,1,,
2398,7.10,USD,1,,
2399,10.65,USD,1,,
2400,11.45,USD,1,,
2401,9.10,USD,1,,
2402,9.40,USD,1,,
2403,15.15,USD,1,,
2404,9.80,USD,1,,
2405,8.70,USD,1,,
2406,6.85,USD,1,,
2407,6.60,USD,1,,
2408,6.40,USD,1,,
2409,6.20,USD,1,,
2410,6.10,USD,1,,
2411,6.05,USD,1,,
2412,6.05,USD,1,,
2413,6.10,USD,1,,
2414,6.10,USD,1,,
2415,6.10,USD,1,,
2416,6.30,USD,1,,
2417,6.55,USD,1,,
2418,6.90,USD,1,,
2419,7.20,USD,1,,
2420,7.55,USD,1,,
2421,7.90,USD,1,,
2422,8.50,USD,1,,
2423,8.95,USD,1,,
2424,7.55,USD,1,,
2425,8.90,USD,1,,
2426,2.40,USD,1,,
2427,2.40,USD,1,,
2428,8.85,USD,1,,
2429,2.40,USD,1,,
2430,4.15,USD,1,,
2431,4.30,USD,1,,
2432,4.75,USD,1,,
2433,5.25,USD,1,,
2434,5.90,USD,1,,
2435,6.25,USD,1,,
2436,8.30,USD,1,,
2437,8.30,USD,1,,
2438,8.30,USD,1,,
2439,8.30,USD,1,,
2440,8.40,USD,1,,
2441,8.45,USD,1,,
2442,8.65,USD,1,,
2443,8.75,USD,1,,
2444,8.90,USD,1,,
2445,14.00,USD,1,,
2446,9.45,USD,1,,
2447,10.35,USD,1,,
2448,10.65,USD,1,,
2449,7.10,USD,1,,
2450,2.40,USD,1,,
2451,9.90,USD,1,,
2452,10.20,USD,1,,
2453,15.95,USD,1,,
2454,10.60,USD,1,,
2455,9.50,USD,1,,
2456,7.65,USD,1,,
2457,7.40,USD,1,,
2458,7.20,USD,1,,
2459,6.95,USD,1,,
2460,6.90,USD,1,,
2461,6.85,USD,1,,
2462,6.85,USD,1,,
2463,6.90,USD,1,,
2464,6.90,USD,1,,
2465,6.90,USD,1,,
2466,7.10,USD,1,,
2467,7.30,USD,1,,
2468,7.70,USD,1,,
2469,7.95,USD,1,,
2470,8.30,USD,1,,
2471,8.70,USD,1,,
2472,9.30,USD,1,,
2473,9.70,USD,1,,
2474,8.30,USD,1,,
2475,9.70,USD,1,,
2476,2.40,USD,1,,
2477,4.20,USD,1,,
2478,9.65,USD,1,,
2479,4.40,USD,1,,
2480,4.90,USD,1,,
2481,5.10,USD,1,,
2482,5.55,USD,1,,
2483,6.00,USD,1,,
2484,6.70,USD,1,,
2485,7.05,USD,1,,
2486,9.10,USD,1,,
2487,9.10,USD,1,,
2488,9.10,USD,1,,
2489,9.10,USD,1,,
2490,9.20,USD,1,,
2491,9.25,USD,1,,
2492,9.45,USD,1,,
2493,9.50,USD,1,,
2494,9.70,USD,1,,
2495,14.80,USD,1,,
2496,10.25,USD,1,,
2497,11.15,USD,1,,
2498,11.45,USD,1,,
2499,2.40,USD,1,,
2500,7.10,USD,1,,